8.208152E-03  3.11903E+00
8.333787E-03  3.07927E+00
8.367290E-03  3.02769E+00
8.417543E-03  3.08902E+00
8.543178E-03  3.14160E+00
1.069000E-02  3.16731E+00
1.142761E-02  3.15650E+00
1.221612E-02  3.14495E+00
1.305903E-02  3.13240E+00
1.396010E-02  3.11858E+00
1.492335E-02  3.10318E+00
1.595306E-02  3.08594E+00
1.705382E-02  3.06659E+00
1.823053E-02  3.04487E+00
1.948844E-02  3.02055E+00
2.083314E-02  2.99341E+00
2.227063E-02  2.96319E+00
2.380730E-02  2.92964E+00
2.545001E-02  2.89315E+00
2.720606E-02  2.85179E+00
2.908327E-02  2.80561E+00
3.109002E-02  2.75366E+00
3.323523E-02  2.69458E+00
3.552846E-02  2.62647E+00
3.797993E-02  2.54633E+00
4.060054E-02  2.45013E+00
4.340198E-02  2.33262E+00
4.639671E-02  2.18672E+00
4.959809E-02  2.00256E+00
5.302035E-02  1.76493E+00
5.667876E-02  1.44912E+00
6.058959E-02  1.01038E+00
6.477028E-02  3.49959E-01
6.923942E-02  -8.55994E-01
7.163800E-02  -2.25520E+00
7.273450E-02  -4.06506E+00
7.302690E-02  -6.02938E+00
7.346550E-02  -4.25024E+00
7.401695E-02  -3.26725E+00
7.456200E-02  -2.79918E+00
7.912411E-02  -1.53427E+00
8.458368E-02  -8.05339E-01
9.041995E-02  -1.06801E-02
9.665893E-02  8.82403E-01
1.033284E-01  1.83035E+00
1.104581E-01  2.73433E+00
1.153460E-01  3.13128E+00
1.171115E-01  2.99611E+00
1.175823E-01  2.62299E+00
1.180797E-01  3.00312E+00
1.182885E-01  3.14862E+00
1.200540E-01  3.75272E+00
1.262272E-01  4.87197E+00
1.349368E-01  6.04241E+00
1.442475E-01  7.06078E+00
1.542005E-01  7.95326E+00
1.648404E-01  8.72829E+00
1.762144E-01  9.39304E+00
1.883732E-01  9.95657E+00
2.013709E-01  1.04290E+01
2.152655E-01  1.08209E+01
2.301188E-01  1.11424E+01
2.459970E-01  1.14037E+01
2.629708E-01  1.16133E+01
2.811158E-01  1.17794E+01
3.005128E-01  1.19090E+01
3.212482E-01  1.20075E+01
3.434143E-01  1.20791E+01
3.671099E-01  1.21278E+01
3.924405E-01  1.21573E+01
4.195189E-01  1.21706E+01
4.484657E-01  1.21704E+01
4.794098E-01  1.21590E+01
5.124891E-01  1.21381E+01
5.478508E-01  1.21089E+01
5.856525E-01  1.20725E+01
6.260625E-01  1.20297E+01
6.692609E-01  1.19809E+01
7.154399E-01  1.19265E+01
7.648052E-01  1.18662E+01
8.175768E-01  1.17996E+01
8.739896E-01  1.17255E+01
9.342948E-01  1.16420E+01
9.987612E-01  1.15461E+01
1.067676E+00  1.14444E+01
1.141345E+00  1.13023E+01
1.220098E+00  1.11171E+01
1.304285E+00  1.08582E+01
1.394281E+00  1.04460E+01
1.490486E+00  9.55217E+00
1.528408E+00  8.67724E+00
1.551802E+00  7.08006E+00
1.558040E+00  5.18127E+00
1.567398E+00  7.05820E+00
1.590792E+00  8.76616E+00
1.593329E+00  8.86568E+00
1.703269E+00  1.09116E+01
1.820795E+00  1.18026E+01
1.946430E+00  1.23246E+01
2.080733E+00  1.26397E+01
2.224304E+00  1.28559E+01
2.377781E+00  1.30119E+01
2.541848E+00  1.31269E+01
2.717235E+00  1.32127E+01
2.904724E+00  1.32769E+01
3.105150E+00  1.33285E+01
3.319406E+00  1.34011E+01
3.548445E+00  1.34116E+01
3.793288E+00  1.34114E+01
4.055024E+00  1.34039E+01
4.334821E+00  1.33916E+01
4.633924E+00  1.33759E+01
4.953664E+00  1.33581E+01
5.295467E+00  1.33392E+01
5.660855E+00  1.33198E+01
6.051453E+00  1.33004E+01
6.469004E+00  1.32816E+01
6.915365E+00  1.32637E+01
7.392525E+00  1.32456E+01
7.902609E+00  1.32277E+01
8.447890E+00  1.32105E+01
9.030794E+00  1.31945E+01
9.653919E+00  1.31795E+01
1.032004E+01  1.31646E+01
1.103212E+01  1.31503E+01
1.179334E+01  1.31369E+01
1.260708E+01  1.31243E+01
1.347697E+01  1.31128E+01
1.440688E+01  1.31021E+01
1.540095E+01  1.30923E+01
1.646362E+01  1.30833E+01
1.759961E+01  1.30752E+01
1.881398E+01  1.30677E+01
2.011215E+01  1.30610E+01
2.149988E+01  1.30548E+01
2.298338E+01  1.30493E+01
2.456923E+01  1.30443E+01
2.626450E+01  1.30397E+01
2.807676E+01  1.30358E+01
3.001405E+01  1.30321E+01
3.208502E+01  1.30288E+01
3.429889E+01  1.30258E+01
3.666551E+01  1.30231E+01
3.919543E+01  1.30206E+01
4.189992E+01  1.30184E+01
4.479101E+01  1.30164E+01
4.788159E+01  1.30146E+01
5.118542E+01  1.30130E+01
5.471721E+01  1.30116E+01
5.849270E+01  1.30103E+01
6.252870E+01  1.30091E+01
6.684318E+01  1.30081E+01
7.145536E+01  1.30072E+01
7.638578E+01  1.30064E+01
8.165640E+01  1.30057E+01
8.729069E+01  1.30050E+01
9.331374E+01  1.30045E+01
9.975239E+01  1.30040E+01
1.066353E+02  1.30035E+01
1.139931E+02  1.30031E+01
1.218587E+02  1.30027E+01
1.302669E+02  1.30024E+01
1.392553E+02  1.30022E+01
1.488640E+02  1.30019E+01
1.591356E+02  1.30017E+01
1.701159E+02  1.30015E+01
1.818539E+02  1.30013E+01
1.944018E+02  1.30012E+01
2.078156E+02  1.30010E+01
2.221548E+02  1.30009E+01
2.374835E+02  1.30008E+01
2.538699E+02  1.30007E+01
2.713869E+02  1.30006E+01
2.901126E+02  1.30005E+01
3.101304E+02  1.30005E+01
3.315294E+02  1.30004E+01
3.544049E+02  1.30004E+01
3.788588E+02  1.30003E+01
4.050001E+02  1.30003E+01
4.329451E+02  1.30003E+01