8.417543E-03  1.0319E-01
8.543178E-03  9.0457E-02
1.069000E-02  1.8351E-02
1.142761E-02  1.5050E-02
1.221612E-02  1.3667E-02
1.305903E-02  1.3480E-02
1.396010E-02  1.4200E-02
1.492335E-02  1.5741E-02
1.595306E-02  1.8134E-02
1.705382E-02  2.1472E-02
1.823053E-02  2.5892E-02
1.948844E-02  3.1548E-02
2.083314E-02  3.8589E-02
2.227063E-02  4.7130E-02
2.380730E-02  5.7225E-02
2.545001E-02  6.8841E-02
2.720606E-02  8.1830E-02
2.908327E-02  9.5929E-02
3.109002E-02  1.1075E-01
3.323523E-02  1.2583E-01
3.552846E-02  1.4038E-01
3.797993E-02  1.5354E-01
4.060054E-02  1.6490E-01
4.340198E-02  1.7418E-01
4.639671E-02  1.8132E-01
4.959809E-02  1.8615E-01
5.302035E-02  1.8830E-01
5.667876E-02  1.8825E-01
6.058959E-02  1.8630E-01
6.477028E-02  1.8275E-01
6.923942E-02  1.7794E-01
7.163800E-02  1.7511E-01
7.273450E-02  1.7377E-01
7.302690E-02  1.7342E-01
7.346550E-02  3.9275E+00
7.401695E-02  4.0145E+00
7.456200E-02  4.1018E+00
7.912411E-02  4.8866E+00
8.458368E-02  5.8791E+00
9.041995E-02  6.7792E+00
9.665893E-02  7.5222E+00
1.033284E-01  8.0732E+00
1.104581E-01  8.4204E+00
1.153460E-01  8.5391E+00
1.171115E-01  8.5619E+00
1.175823E-01  8.5664E+00
1.180797E-01  9.4208E+00
1.182885E-01  9.4235E+00
1.200540E-01  9.4411E+00
1.262272E-01  9.4410E+00
1.349368E-01  9.3134E+00
1.442475E-01  9.0606E+00
1.542005E-01  8.7125E+00
1.648404E-01  8.2962E+00
1.762144E-01  7.8365E+00
1.883732E-01  7.3536E+00
2.013709E-01  6.8631E+00
2.152655E-01  6.3766E+00
2.301188E-01  5.9026E+00
2.459970E-01  5.4470E+00
2.629708E-01  5.0136E+00
2.811158E-01  4.6044E+00
3.005128E-01  4.2203E+00
3.212482E-01  3.8603E+00
3.434143E-01  3.5244E+00
3.671099E-01  3.2123E+00
3.924405E-01  2.9236E+00
4.195189E-01  2.6572E+00
4.484657E-01  2.4121E+00
4.794098E-01  2.1872E+00
5.124891E-01  1.9809E+00
5.478508E-01  1.7921E+00
5.856525E-01  1.6196E+00
6.260625E-01  1.4625E+00
6.692609E-01  1.3197E+00
7.154399E-01  1.1901E+00
7.648052E-01  1.0727E+00
8.175768E-01  9.6659E-01
8.739896E-01  8.7081E-01
9.342948E-01  7.8450E-01
9.987612E-01  7.0682E-01
1.067676E+00  6.2898E-01
1.141345E+00  5.6009E-01
1.220098E+00  4.9919E-01
1.304285E+00  4.4531E-01
1.394281E+00  3.9707E-01
1.490486E+00  3.5292E-01
1.528408E+00  3.3771E-01
1.551802E+00  3.2887E-01
1.558040E+00  3.2657E-01
1.567398E+00  4.0561E+00
1.590792E+00  4.0340E+00
1.593329E+00  4.0316E+00
1.703269E+00  3.8047E+00
1.820795E+00  3.4335E+00
1.946430E+00  3.0522E+00
2.080733E+00  2.7132E+00
2.224304E+00  2.4305E+00
2.377781E+00  2.1807E+00
2.541848E+00  1.9587E+00
2.717235E+00  1.7592E+00
2.904724E+00  1.5787E+00
3.105150E+00  1.4117E+00
3.319406E+00  1.2507E+00
3.548445E+00  1.1075E+00
3.793288E+00  9.8077E-01
4.055024E+00  8.6856E-01
4.334821E+00  7.6922E-01
4.633924E+00  6.8127E-01
4.953664E+00  6.0341E-01
5.295467E+00  5.3446E-01
5.660855E+00  4.7341E-01
6.051453E+00  4.1935E-01
6.469004E+00  3.7148E-01
6.915365E+00  3.2822E-01
7.392525E+00  2.8857E-01
7.902609E+00  2.5373E-01
8.447890E+00  2.2309E-01
9.030794E+00  1.9580E-01
9.653919E+00  1.7070E-01
1.032004E+01  1.4882E-01
1.103212E+01  1.2975E-01
1.179334E+01  1.1313E-01
1.260708E+01  9.8639E-02
1.347697E+01  8.6005E-02
1.440688E+01  7.4990E-02
1.540095E+01  6.5387E-02
1.646362E+01  5.7015E-02
1.759961E+01  4.9716E-02
1.881398E+01  4.3351E-02
2.011215E+01  3.7802E-02
2.149988E+01  3.2964E-02
2.298338E+01  2.8745E-02
2.456923E+01  2.5066E-02
2.626450E+01  2.1859E-02
2.807676E+01  1.8978E-02
3.001405E+01  1.6453E-02
3.208502E+01  1.4264E-02
3.429889E+01  1.2344E-02
3.666551E+01  1.0660E-02
3.919543E+01  9.2057E-03
4.189992E+01  7.9499E-03
4.479101E+01  6.8656E-03
4.788159E+01  5.9291E-03
5.118542E+01  5.1204E-03
5.471721E+01  4.4218E-03
5.849270E+01  3.8180E-03
6.252870E+01  3.2967E-03
6.684318E+01  2.8466E-03
7.145536E+01  2.4579E-03
7.638578E+01  2.1224E-03
8.165640E+01  1.8326E-03
8.729069E+01  1.5824E-03
9.331374E+01  1.3664E-03
9.975239E+01  1.1798E-03
1.066353E+02  1.0188E-03
1.139931E+02  8.7971E-04
1.218587E+02  7.5962E-04
1.302669E+02  6.5593E-04
1.392553E+02  5.6639E-04
1.488640E+02  4.8908E-04
1.591356E+02  4.2232E-04
1.701159E+02  3.6468E-04
1.818539E+02  3.1490E-04
1.944018E+02  2.7192E-04
2.078156E+02  2.3481E-04
2.221548E+02  2.0276E-04
2.374835E+02  1.7508E-04
2.538699E+02  1.5119E-04
2.713869E+02  1.3055E-04
2.901126E+02  1.1274E-04
3.101304E+02  9.7350E-05
3.315294E+02  8.4064E-05
3.544049E+02  7.2591E-05
3.788588E+02  6.2685E-05
4.050001E+02  5.4130E-05
4.329451E+02  4.6743E-05