1.069000E-02  1.5562E+00
1.142761E-02  1.6781E+00
1.221612E-02  1.8115E+00
1.305903E-02  1.9562E+00
1.396010E-02  2.1124E+00
1.492335E-02  2.2802E+00
1.595306E-02  2.4597E+00
1.705382E-02  2.6509E+00
1.823053E-02  2.8536E+00
1.948844E-02  3.0675E+00
2.083314E-02  3.2922E+00
2.227063E-02  3.5274E+00
2.380730E-02  3.7723E+00
2.545001E-02  4.0266E+00
2.720606E-02  4.2894E+00
2.908327E-02  4.5603E+00
3.109002E-02  4.8385E+00
3.323523E-02  5.1236E+00
3.552846E-02  5.4151E+00
3.797993E-02  5.7127E+00
4.060054E-02  6.0162E+00
4.340198E-02  6.3044E+00
4.639671E-02  6.5733E+00
4.959809E-02  6.8347E+00
5.302035E-02  7.0873E+00
5.667876E-02  7.1365E+00
5.831000E-02  7.0944E+00
5.920250E-02  7.0696E+00
5.944050E-02  7.0627E+00
5.979750E-02  8.9241E+00
6.058959E-02  8.8069E+00
6.069000E-02  8.7924E+00
6.477028E-02  8.2619E+00
6.923942E-02  7.8176E+00
7.401695E-02  7.4801E+00
7.912411E-02  7.1971E+00
8.458368E-02  6.9439E+00
9.041995E-02  6.7099E+00
9.665893E-02  6.4907E+00
9.868600E-02  6.4253E+00
1.001965E-01  6.3784E+00
1.005993E-01  6.3661E+00
1.012035E-01  6.7844E+00
1.027140E-01  6.7462E+00
1.033284E-01  6.7311E+00
1.104581E-01  6.5708E+00
1.180797E-01  6.4252E+00
1.262272E-01  6.2918E+00
1.349368E-01  6.1699E+00
1.442475E-01  6.0579E+00
1.542005E-01  5.9535E+00
1.648404E-01  5.8536E+00
1.762144E-01  5.7547E+00
1.883732E-01  5.6531E+00
2.013709E-01  5.5455E+00
2.152655E-01  5.4288E+00
2.301188E-01  5.3009E+00
2.459970E-01  5.1597E+00
2.629708E-01  5.0016E+00
2.811158E-01  4.8271E+00
3.005128E-01  4.6386E+00
3.212482E-01  4.4388E+00
3.434143E-01  4.2307E+00
3.671099E-01  4.0175E+00
3.924405E-01  3.8022E+00
4.195189E-01  3.5873E+00
4.484657E-01  3.3752E+00
4.794098E-01  3.1678E+00
5.124891E-01  2.9667E+00
5.478508E-01  2.7733E+00
5.856525E-01  2.5884E+00
6.260625E-01  2.4125E+00
6.692609E-01  2.2461E+00
7.154399E-01  2.0893E+00
7.630280E-01  1.9469E+00
7.648052E-01  1.9419E+00
7.747070E-01  1.9146E+00
7.777280E-01  1.9064E+00
7.778214E-01  1.9061E+00
7.824930E-01  1.1809E+01
7.896320E-01  1.1644E+01
7.928064E-01  1.1572E+01
7.941720E-01  1.6482E+01
7.975680E-01  1.6372E+01
8.094720E-01  1.5995E+01
8.175768E-01  1.5747E+01
8.739896E-01  1.4185E+01
9.070880E-01  1.3401E+01
9.209720E-01  1.3097E+01
9.246744E-01  1.3018E+01
9.302280E-01  1.4641E+01
9.342948E-01  1.4556E+01
9.441120E-01  1.4357E+01
9.987612E-01  1.3340E+01
1.067676E+00  1.2182E+01
1.141345E+00  1.1109E+01
1.220098E+00  1.0116E+01
1.304285E+00  9.2078E+00
1.394281E+00  8.3151E+00
1.490486E+00  7.4892E+00
1.593329E+00  6.7415E+00
1.703269E+00  6.0602E+00
1.820795E+00  5.4480E+00
1.946430E+00  4.8978E+00
2.080733E+00  4.4033E+00
2.224304E+00  3.9603E+00
2.377781E+00  3.5635E+00
2.541848E+00  3.2082E+00
2.717235E+00  2.8901E+00
2.904724E+00  2.6054E+00
3.105150E+00  2.3362E+00
3.319406E+00  2.0714E+00
3.548445E+00  1.8370E+00
3.793288E+00  1.6283E+00
4.055024E+00  1.4403E+00
4.334821E+00  1.2751E+00
4.633924E+00  1.1300E+00
4.953664E+00  1.0023E+00
5.295467E+00  8.8996E-01
5.660855E+00  7.9093E-01
6.051453E+00  7.0360E-01
6.469004E+00  6.2651E-01
6.915365E+00  5.5839E-01
7.392525E+00  4.9816E-01
7.554722E+00  4.8010E-01
7.670355E+00  4.6787E-01
7.701191E+00  4.6470E-01
7.747444E+00  3.8913E+00
7.863078E+00  3.7792E+00
7.902609E+00  3.7420E+00
8.447890E+00  3.3364E+00
9.030794E+00  3.0147E+00
9.653919E+00  2.7028E+00
1.032004E+01  2.4149E+00
1.103212E+01  2.1541E+00
1.179334E+01  1.9216E+00
1.260708E+01  1.7145E+00
1.347697E+01  1.5298E+00
1.440688E+01  1.3652E+00
1.540095E+01  1.2182E+00
1.646362E+01  1.0783E+00
1.759961E+01  9.5438E-01
1.881398E+01  8.4426E-01
2.011215E+01  7.4690E-01
2.149988E+01  6.6081E-01
2.298338E+01  5.8469E-01
2.456923E+01  5.1737E-01
2.626450E+01  4.5783E-01
2.807676E+01  4.0326E-01
3.001405E+01  3.5466E-01
3.208502E+01  3.1194E-01
3.429889E+01  2.7377E-01
3.666551E+01  2.3948E-01
3.919543E+01  2.0950E-01
4.189992E+01  1.8327E-01
4.479101E+01  1.6034E-01
4.788159E+01  1.4027E-01
5.118542E+01  1.2271E-01
5.471721E+01  1.0735E-01
5.849270E+01  9.3920E-02
6.252870E+01  8.2171E-02
6.684318E+01  7.1894E-02
7.145536E+01  6.2904E-02
7.638578E+01  5.5040E-02
8.165640E+01  4.8079E-02
8.729069E+01  4.1842E-02
9.331374E+01  3.6414E-02
9.975239E+01  3.1691E-02
1.066353E+02  2.7581E-02
1.139931E+02  2.4005E-02
1.218587E+02  2.0892E-02
1.302669E+02  1.8184E-02
1.392553E+02  1.5826E-02
1.488640E+02  1.3775E-02
1.591356E+02  1.1990E-02
1.701159E+02  1.0436E-02
1.818539E+02  9.0837E-03
1.944018E+02  7.9067E-03
2.078156E+02  6.8823E-03
2.221548E+02  5.9908E-03
2.374835E+02  5.2147E-03
2.538699E+02  4.5393E-03
2.713869E+02  3.9514E-03
2.901126E+02  3.4396E-03
3.101304E+02  2.9942E-03
3.315294E+02  2.6065E-03
3.544049E+02  2.2690E-03
3.788588E+02  1.9752E-03
4.050001E+02  1.7195E-03
4.329451E+02  1.4969E-03