1.069000E-02  4.07651E+00
1.142761E-02  4.07931E+00
1.221612E-02  4.08644E+00
1.305903E-02  4.09903E+00
1.396010E-02  4.11806E+00
1.492335E-02  4.14462E+00
1.595306E-02  4.17992E+00
1.705382E-02  4.22518E+00
1.823053E-02  4.28168E+00
1.948844E-02  4.35067E+00
2.083314E-02  4.43344E+00
2.227063E-02  4.53124E+00
2.380730E-02  4.64533E+00
2.545001E-02  4.77694E+00
2.720606E-02  4.92734E+00
2.908327E-02  5.09779E+00
3.109002E-02  5.28966E+00
3.323523E-02  5.50445E+00
3.552846E-02  5.74388E+00
3.797993E-02  6.01002E+00
4.060054E-02  6.30538E+00
4.340198E-02  6.67459E+00
4.639671E-02  7.06312E+00
4.959809E-02  7.46141E+00
5.302035E-02  7.85964E+00
5.667876E-02  8.12459E+00
5.831000E-02  7.95238E+00
5.920250E-02  7.32491E+00
5.944050E-02  6.41648E+00
5.979750E-02  7.50344E+00
6.058959E-02  8.46511E+00
6.069000E-02  8.53783E+00
6.477028E-02  9.99361E+00
6.923942E-02  1.07000E+01
7.401695E-02  1.11971E+01
7.912411E-02  1.16018E+01
8.458368E-02  1.19426E+01
9.041995E-02  1.22207E+01
9.665893E-02  1.23949E+01
9.868600E-02  1.23849E+01
1.001965E-01  1.22528E+01
1.005993E-01  1.20449E+01
1.012035E-01  1.22888E+01
1.027140E-01  1.25366E+01
1.033284E-01  1.25962E+01
1.104581E-01  1.30306E+01
1.180797E-01  1.33567E+01
1.262272E-01  1.36488E+01
1.349368E-01  1.39231E+01
1.442475E-01  1.41876E+01
1.542005E-01  1.44472E+01
1.648404E-01  1.47051E+01
1.762144E-01  1.49632E+01
1.883732E-01  1.52277E+01
2.013709E-01  1.54860E+01
2.152655E-01  1.57421E+01
2.301188E-01  1.59934E+01
2.459970E-01  1.62372E+01
2.629708E-01  1.64686E+01
2.811158E-01  1.66810E+01
3.005128E-01  1.68691E+01
3.212482E-01  1.70277E+01
3.434143E-01  1.71536E+01
3.671099E-01  1.72425E+01
3.924405E-01  1.72900E+01
4.195189E-01  1.72911E+01
4.484657E-01  1.72394E+01
4.794098E-01  1.71251E+01
5.124891E-01  1.69341E+01
5.478508E-01  1.66433E+01
5.856525E-01  1.62138E+01
6.260625E-01  1.55717E+01
6.692609E-01  1.45571E+01
7.154399E-01  1.27139E+01
7.630280E-01  7.65825E+00
7.648052E-01  7.22164E+00
7.747070E-01  2.81236E+00
7.777280E-01  -2.10962E+00
7.778214E-01  -2.47515E+00
7.824930E-01  2.28899E+00
7.896320E-01  4.20240E+00
7.928064E-01  2.56916E+00
7.941720E-01  2.39355E+00
7.975680E-01  6.16476E+00
8.094720E-01  1.01298E+01
8.175768E-01  1.16331E+01
8.739896E-01  1.65757E+01
9.070880E-01  1.76437E+01
9.209720E-01  1.74222E+01
9.246744E-01  1.66663E+01
9.302280E-01  1.77529E+01
9.342948E-01  1.82397E+01
9.441120E-01  1.89734E+01
9.987612E-01  2.11535E+01
1.067676E+00  2.27846E+01
1.141345E+00  2.39382E+01
1.220098E+00  2.48005E+01
1.304285E+00  2.54732E+01
1.394281E+00  2.59977E+01
1.490486E+00  2.63628E+01
1.593329E+00  2.66227E+01
1.703269E+00  2.67981E+01
1.820795E+00  2.69098E+01
1.946430E+00  2.69744E+01
2.080733E+00  2.70031E+01
2.224304E+00  2.70049E+01
2.377781E+00  2.69898E+01
2.541848E+00  2.69602E+01
2.717235E+00  2.69203E+01
2.904724E+00  2.68771E+01
3.105150E+00  2.68376E+01
3.319406E+00  2.67746E+01
3.548445E+00  2.66954E+01
3.793288E+00  2.66078E+01
4.055024E+00  2.65107E+01
4.334821E+00  2.64054E+01
4.633924E+00  2.62922E+01
4.953664E+00  2.61697E+01
5.295467E+00  2.60338E+01
5.660855E+00  2.58774E+01
6.051453E+00  2.56869E+01
6.469004E+00  2.54337E+01
6.915365E+00  2.50440E+01
7.392525E+00  2.41983E+01
7.554722E+00  2.34922E+01
7.670355E+00  2.20515E+01
7.701191E+00  2.03118E+01
7.747444E+00  2.20899E+01
7.863078E+00  2.36980E+01
7.902609E+00  2.39681E+01
8.447890E+00  2.55247E+01
9.030794E+00  2.61889E+01
9.653919E+00  2.65956E+01
1.032004E+01  2.68641E+01
1.103212E+01  2.70436E+01
1.179334E+01  2.71663E+01
1.260708E+01  2.72503E+01
1.347697E+01  2.73072E+01
1.440688E+01  2.73449E+01
1.540095E+01  2.73695E+01
1.646362E+01  2.74194E+01
1.759961E+01  2.74188E+01
1.881398E+01  2.74105E+01
2.011215E+01  2.73973E+01
2.149988E+01  2.73808E+01
2.298338E+01  2.73623E+01
2.456923E+01  2.73430E+01
2.626450E+01  2.73241E+01
2.807676E+01  2.73053E+01
3.001405E+01  2.72853E+01
3.208502E+01  2.72654E+01
3.429889E+01  2.72463E+01
3.666551E+01  2.72274E+01
3.919543E+01  2.72091E+01
4.189992E+01  2.71916E+01
4.479101E+01  2.71751E+01
4.788159E+01  2.71597E+01
5.118542E+01  2.71453E+01
5.471721E+01  2.71320E+01
5.849270E+01  2.71198E+01
6.252870E+01  2.71086E+01
6.684318E+01  2.70983E+01
7.145536E+01  2.70889E+01
7.638578E+01  2.70803E+01
8.165640E+01  2.70725E+01
8.729069E+01  2.70655E+01
9.331374E+01  2.70590E+01
9.975239E+01  2.70530E+01
1.066353E+02  2.70476E+01
1.139931E+02  2.70427E+01
1.218587E+02  2.70383E+01
1.302669E+02  2.70343E+01
1.392553E+02  2.70307E+01
1.488640E+02  2.70275E+01
1.591356E+02  2.70246E+01
1.701159E+02  2.70219E+01
1.818539E+02  2.70196E+01
1.944018E+02  2.70175E+01
2.078156E+02  2.70156E+01
2.221548E+02  2.70139E+01
2.374835E+02  2.70124E+01
2.538699E+02  2.70110E+01
2.713869E+02  2.70098E+01
2.901126E+02  2.70087E+01
3.101304E+02  2.70078E+01
3.315294E+02  2.70069E+01
3.544049E+02  2.70061E+01
3.788588E+02  2.70055E+01
4.050001E+02  2.70049E+01
4.329451E+02  2.70043E+01