1.069000E-02  1.4240E+00
1.142761E-02  1.5363E+00
1.221612E-02  1.6592E+00
1.305903E-02  1.7931E+00
1.396010E-02  1.9386E+00
1.492335E-02  2.0960E+00
1.595306E-02  2.2636E+00
1.705382E-02  2.4410E+00
1.823053E-02  2.6278E+00
1.948844E-02  2.8235E+00
2.083314E-02  3.0272E+00
2.227063E-02  3.2383E+00
2.380730E-02  3.4557E+00
2.545001E-02  3.6787E+00
2.720606E-02  3.9061E+00
2.908327E-02  4.1370E+00
3.109002E-02  4.3705E+00
3.323523E-02  4.5990E+00
3.552846E-02  4.8169E+00
3.797993E-02  5.0275E+00
4.060054E-02  5.2288E+00
4.340198E-02  5.4191E+00
4.639671E-02  5.5969E+00
4.959809E-02  5.7609E+00
5.292000E-02  5.9060E+00
5.302035E-02  5.9101E+00
5.373000E-02  5.9379E+00
5.394600E-02  5.9462E+00
5.427000E-02  8.0096E+00
5.508000E-02  7.9125E+00
5.667876E-02  7.7445E+00
6.058959E-02  7.4424E+00
6.477028E-02  7.3003E+00
6.923942E-02  7.1586E+00
7.401695E-02  6.8831E+00
7.912411E-02  6.6327E+00
8.458368E-02  6.3988E+00
9.041995E-02  6.1785E+00
9.104200E-02  6.1566E+00
9.243550E-02  6.1086E+00
9.280710E-02  6.0961E+00
9.336450E-02  6.5009E+00
9.475800E-02  6.4618E+00
9.665893E-02  6.4106E+00
1.033284E-01  6.2493E+00
1.104581E-01  6.1022E+00
1.180797E-01  5.9677E+00
1.262272E-01  5.8454E+00
1.349368E-01  5.7339E+00
1.442475E-01  5.6308E+00
1.542005E-01  5.5330E+00
1.648404E-01  5.4371E+00
1.762144E-01  5.3394E+00
1.883732E-01  5.2365E+00
2.013709E-01  5.1252E+00
2.152655E-01  5.0034E+00
2.301188E-01  4.8675E+00
2.459970E-01  4.7151E+00
2.629708E-01  4.5474E+00
2.811158E-01  4.3664E+00
3.005128E-01  4.1750E+00
3.212482E-01  3.9760E+00
3.434143E-01  3.7724E+00
3.671099E-01  3.5670E+00
3.924405E-01  3.3624E+00
4.195189E-01  3.1607E+00
4.484657E-01  2.9637E+00
4.794098E-01  2.7730E+00
5.124891E-01  2.5897E+00
5.478508E-01  2.4147E+00
5.856525E-01  2.2486E+00
6.260625E-01  2.0915E+00
6.692609E-01  1.9436E+00
6.939380E-01  1.8672E+00
7.045595E-01  1.8359E+00
7.066780E-01  1.8298E+00
7.073919E-01  1.8277E+00
7.116405E-01  1.1657E+01
7.154399E-01  1.1565E+01
7.174945E-01  1.1515E+01
7.203789E-01  1.1447E+01
7.222620E-01  1.6292E+01
7.247055E-01  1.6209E+01
7.355220E-01  1.5852E+01
7.648052E-01  1.4949E+01
8.175768E-01  1.3531E+01
8.291780E-01  1.3253E+01
8.418695E-01  1.2960E+01
8.452539E-01  1.2883E+01
8.503305E-01  1.4559E+01
8.630220E-01  1.4272E+01
8.739896E-01  1.4032E+01
9.342948E-01  1.2835E+01
9.987612E-01  1.1740E+01
1.067676E+00  1.0687E+01
1.141345E+00  9.7229E+00
1.220098E+00  8.8309E+00
1.304285E+00  7.9627E+00
1.394281E+00  7.1798E+00
1.490486E+00  6.4637E+00
1.593329E+00  5.8123E+00
1.703269E+00  5.2261E+00
1.820795E+00  4.6982E+00
1.946430E+00  4.2238E+00
2.080733E+00  3.7984E+00
2.224304E+00  3.4173E+00
2.377781E+00  3.0760E+00
2.541848E+00  2.7704E+00
2.717235E+00  2.4969E+00
2.904724E+00  2.2482E+00
3.105150E+00  2.0033E+00
3.319406E+00  1.7751E+00
3.548445E+00  1.5695E+00
3.793288E+00  1.3870E+00
4.055024E+00  1.2269E+00
4.334821E+00  1.0864E+00
4.633924E+00  9.6283E-01
4.953664E+00  8.5419E-01
5.295467E+00  7.5854E-01
5.660855E+00  6.7426E-01
6.051453E+00  5.9992E-01
6.469004E+00  5.3430E-01
6.915365E+00  4.7631E-01
6.969760E+00  4.6996E-01
7.076440E+00  4.5790E-01
7.104888E+00  4.5477E-01
7.147560E+00  3.8992E+00
7.254240E+00  3.7877E+00
7.392525E+00  3.6502E+00
7.902609E+00  3.2650E+00
8.447890E+00  2.9475E+00
9.030794E+00  2.6546E+00
9.653919E+00  2.3704E+00
1.032004E+01  2.1145E+00
1.103212E+01  1.8865E+00
1.179334E+01  1.6832E+00
1.260708E+01  1.5020E+00
1.347697E+01  1.3404E+00
1.440688E+01  1.1940E+00
1.540095E+01  1.0562E+00
1.646362E+01  9.3409E-01
1.759961E+01  8.2587E-01
1.881398E+01  7.3023E-01
2.011215E+01  6.4572E-01
2.149988E+01  5.7102E-01
2.298338E+01  5.0500E-01
2.456923E+01  4.4663E-01
2.626450E+01  3.9503E-01
2.807676E+01  3.4777E-01
3.001405E+01  3.0571E-01
3.208502E+01  2.6786E-01
3.429889E+01  2.3420E-01
3.666551E+01  2.0478E-01
3.919543E+01  1.7906E-01
4.189992E+01  1.5658E-01
4.479101E+01  1.3691E-01
4.788159E+01  1.1972E-01
5.118542E+01  1.0469E-01
5.471721E+01  9.1550E-02
5.849270E+01  8.0062E-02
6.252870E+01  7.0017E-02
6.684318E+01  6.1234E-02
7.145536E+01  5.3554E-02
7.638578E+01  4.6838E-02
8.165640E+01  4.0894E-02
8.729069E+01  3.5564E-02
9.331374E+01  3.0930E-02
9.975239E+01  2.6900E-02
1.066353E+02  2.3395E-02
1.139931E+02  2.0347E-02
1.218587E+02  1.7697E-02
1.302669E+02  1.5392E-02
1.392553E+02  1.3387E-02
1.488640E+02  1.1644E-02
1.591356E+02  1.0128E-02
1.701159E+02  8.8094E-03
1.818539E+02  7.6625E-03
1.944018E+02  6.6650E-03
2.078156E+02  5.7975E-03
2.221548E+02  5.0429E-03
2.374835E+02  4.3866E-03
2.538699E+02  3.8158E-03
2.713869E+02  3.3192E-03
2.901126E+02  2.8873E-03
3.101304E+02  2.5117E-03
3.315294E+02  2.1849E-03
3.544049E+02  1.9006E-03
3.788588E+02  1.6534E-03
4.050001E+02  1.4383E-03
4.329451E+02  1.2512E-03