1.069000E-02  1.87089E+01
1.142761E-02  1.83468E+01
1.221612E-02  1.77981E+01
1.305903E-02  1.68371E+01
1.396010E-02  1.43197E+01
1.411200E-02  1.32810E+01
1.432800E-02  9.70715E+00
1.438560E-02  5.39845E+00
1.447200E-02  9.90333E+00
1.468800E-02  1.38687E+01
1.492335E-02  1.56489E+01
1.595306E-02  1.90550E+01
1.705382E-02  2.08265E+01
1.823053E-02  2.19681E+01
1.948844E-02  2.27190E+01
2.083314E-02  2.31990E+01
2.227063E-02  2.34860E+01
2.380730E-02  2.36361E+01
2.545001E-02  2.36908E+01
2.720606E-02  2.36802E+01
2.908327E-02  2.36248E+01
3.109002E-02  2.35359E+01
3.165400E-02  2.35047E+01
3.213850E-02  2.34686E+01
3.226770E-02  2.34467E+01
3.246150E-02  2.34528E+01
3.294600E-02  2.34432E+01
3.323523E-02  2.34330E+01
3.552846E-02  2.33376E+01
3.797993E-02  2.32320E+01
4.060054E-02  2.31224E+01
4.340198E-02  2.30200E+01
4.639671E-02  2.29042E+01
4.959809E-02  2.27831E+01
5.302035E-02  2.26534E+01
5.667876E-02  2.25101E+01
6.058959E-02  2.23459E+01
6.477028E-02  2.21501E+01
6.923942E-02  2.19053E+01
7.401695E-02  2.15806E+01
7.912411E-02  2.11153E+01
8.458368E-02  2.03664E+01
9.041995E-02  1.88770E+01
9.665893E-02  1.33358E+01
9.692200E-02  1.26877E+01
9.840550E-02  4.27129E+00
9.880110E-02  -7.36267E+00
9.939450E-02  7.57660E+00
1.008780E-01  2.01159E+01
1.033284E-01  2.61204E+01
1.104581E-01  2.83400E+01
1.180797E-01  2.70378E+01
1.262272E-01  2.59494E+01
1.349368E-01  2.51633E+01
1.442475E-01  2.45597E+01
1.542005E-01  2.40505E+01
1.648404E-01  2.35728E+01
1.762144E-01  2.30570E+01
1.875720E-01  2.23145E+01
1.883732E-01  2.22201E+01
1.904430E-01  2.18103E+01
1.912086E-01  2.13010E+01
1.923570E-01  2.17474E+01
1.952280E-01  2.20741E+01
2.013709E-01  2.21454E+01
2.016840E-01  2.21410E+01
2.047710E-01  2.20171E+01
2.055942E-01  2.18525E+01
2.068290E-01  2.20210E+01
2.099160E-01  2.21656E+01
2.152655E-01  2.22440E+01
2.301188E-01  2.22964E+01
2.459970E-01  2.22928E+01
2.629708E-01  2.22043E+01
2.649920E-01  2.21670E+01
2.690480E-01  2.19707E+01
2.701296E-01  2.17154E+01
2.717520E-01  2.19911E+01
2.758080E-01  2.22524E+01
2.811158E-01  2.24140E+01
3.005128E-01  2.27965E+01
3.212482E-01  2.31627E+01
3.434143E-01  2.35533E+01
3.671099E-01  2.39653E+01
3.924405E-01  2.43836E+01
4.195189E-01  2.47866E+01
4.484657E-01  2.51400E+01
4.794098E-01  2.54068E+01
5.124891E-01  2.55490E+01
5.478508E-01  2.55227E+01
5.856525E-01  2.52763E+01
6.260625E-01  2.47077E+01
6.692609E-01  2.36639E+01
7.154399E-01  2.18056E+01
7.648052E-01  1.81710E+01
8.150660E-01  7.99874E+00
8.175768E-01  6.80890E+00
8.275415E-01  -1.69126E+00
8.315300E-01  -2.19139E+01
8.358585E-01  -3.05614E+00
8.442575E-01  -1.29034E-01
8.476515E-01  -4.97044E+00
8.483340E-01  -1.12965E+01
8.527425E-01  3.63331E+00
8.654700E-01  1.27805E+01
8.739896E-01  1.61223E+01
9.342948E-01  2.75600E+01
9.987612E-01  3.28280E+01
1.067676E+00  3.55387E+01
1.100932E+00  3.56384E+01
1.117783E+00  3.43800E+01
1.122277E+00  3.23952E+01
1.129017E+00  3.47078E+01
1.141345E+00  3.65972E+01
1.145868E+00  3.70034E+01
1.180312E+00  3.86875E+01
1.198378E+00  3.86787E+01
1.203196E+00  3.79519E+01
1.210422E+00  3.91322E+01
1.220098E+00  4.00238E+01
1.228488E+00  4.05402E+01
1.304285E+00  4.30692E+01
1.334074E+00  4.35846E+01
1.354493E+00  4.35695E+01
1.359939E+00  4.31080E+01
1.368106E+00  4.38732E+01
1.388526E+00  4.48271E+01
1.394281E+00  4.50197E+01
1.490486E+00  4.72860E+01
1.593329E+00  4.88265E+01
1.703269E+00  4.99607E+01
1.820795E+00  5.08126E+01
1.946430E+00  5.14440E+01
2.080733E+00  5.18973E+01
2.224304E+00  5.22206E+01
2.377781E+00  5.25442E+01
2.541848E+00  5.27346E+01
2.717235E+00  5.28027E+01
2.904724E+00  5.28464E+01
3.105150E+00  5.28835E+01
3.319406E+00  5.27902E+01
3.548445E+00  5.25879E+01
3.793288E+00  5.22804E+01
4.055024E+00  5.18694E+01
4.334821E+00  5.13283E+01
4.633924E+00  5.05850E+01
4.953664E+00  4.94384E+01
5.295467E+00  4.69684E+01
5.373046E+00  4.57290E+01
5.455286E+00  4.25859E+01
5.477217E+00  3.89711E+01
5.510113E+00  4.25027E+01
5.592354E+00  4.55088E+01
5.660855E+00  4.63900E+01
5.772788E+00  4.68156E+01
5.861147E+00  4.58940E+01
5.884710E+00  4.42328E+01
5.920053E+00  4.61993E+01
6.008412E+00  4.81320E+01
6.051453E+00  4.86016E+01
6.140974E+00  4.91977E+01
6.234969E+00  4.91273E+01
6.260034E+00  4.83790E+01
6.297632E+00  4.95027E+01
6.391626E+00  5.08069E+01
6.469004E+00  5.14451E+01
6.915365E+00  5.35912E+01
7.392525E+00  5.48511E+01
7.902609E+00  5.56931E+01
8.447890E+00  5.62810E+01
9.030794E+00  5.67219E+01
9.653919E+00  5.69970E+01
1.032004E+01  5.71703E+01
1.103212E+01  5.73491E+01
1.179334E+01  5.74399E+01
1.260708E+01  5.74834E+01
1.347697E+01  5.74549E+01
1.440688E+01  5.73980E+01
1.540095E+01  5.73236E+01
1.646362E+01  5.72376E+01
1.759961E+01  5.71439E+01
1.881398E+01  5.70451E+01
2.011215E+01  5.69428E+01
2.149988E+01  5.68376E+01
2.298338E+01  5.67295E+01
2.456923E+01  5.66175E+01
2.626450E+01  5.64980E+01
2.807676E+01  5.63624E+01
3.001405E+01  5.61951E+01
3.208502E+01  5.59805E+01
3.429889E+01  5.56735E+01
3.666551E+01  5.51093E+01
3.814611E+01  5.42292E+01
3.872998E+01  5.30188E+01
3.888567E+01  5.15674E+01
3.911922E+01  5.30359E+01
3.919543E+01  5.33483E+01
3.970309E+01  5.43636E+01
4.189992E+01  5.56912E+01
4.479101E+01  5.63415E+01
4.788159E+01  5.67055E+01
5.118542E+01  5.69403E+01
5.471721E+01  5.70962E+01
5.849270E+01  5.72003E+01
6.252870E+01  5.72696E+01
6.684318E+01  5.73146E+01
7.145536E+01  5.73424E+01
7.638578E+01  5.73584E+01
8.165640E+01  5.73969E+01
8.729069E+01  5.73925E+01
9.331374E+01  5.73815E+01
9.975239E+01  5.73663E+01
1.066353E+02  5.73485E+01
1.139931E+02  5.73291E+01
1.218587E+02  5.73090E+01
1.302669E+02  5.72887E+01
1.392553E+02  5.72686E+01
1.488640E+02  5.72490E+01
1.591356E+02  5.72300E+01
1.701159E+02  5.72119E+01
1.818539E+02  5.71948E+01
1.944018E+02  5.71787E+01
2.078156E+02  5.71638E+01
2.221548E+02  5.71498E+01
2.374835E+02  5.71369E+01
2.538699E+02  5.71249E+01
2.713869E+02  5.71138E+01
2.901126E+02  5.71036E+01
3.101304E+02  5.70942E+01
3.315294E+02  5.70856E+01
3.544049E+02  5.70777E+01
3.788588E+02  5.70705E+01
4.050001E+02  5.70639E+01
4.329451E+02  5.70578E+01