1.447200E-02  8.4982E+00
1.468800E-02  8.3345E+00
1.492335E-02  8.1623E+00
1.595306E-02  7.4767E+00
1.705382E-02  6.7507E+00
1.823053E-02  5.9723E+00
1.948844E-02  5.2034E+00
2.083314E-02  4.4843E+00
2.227063E-02  3.8371E+00
2.380730E-02  3.2705E+00
2.545001E-02  2.7843E+00
2.720606E-02  2.3731E+00
2.908327E-02  2.0287E+00
3.109002E-02  1.7424E+00
3.165400E-02  1.6740E+00
3.213850E-02  1.6189E+00
3.226770E-02  1.6048E+00
3.246150E-02  1.6149E+00
3.294600E-02  1.5665E+00
3.323523E-02  1.5389E+00
3.552846E-02  1.3514E+00
3.797993E-02  1.1995E+00
4.060054E-02  1.0768E+00
4.340198E-02  9.7787E-01
4.639671E-02  8.9840E-01
4.959809E-02  8.3474E-01
5.302035E-02  7.8385E-01
5.667876E-02  7.4326E-01
6.058959E-02  7.1114E-01
6.477028E-02  6.8620E-01
6.923942E-02  6.6685E-01
7.401695E-02  6.5186E-01
7.912411E-02  6.4020E-01
8.458368E-02  6.3111E-01
9.041995E-02  6.2394E-01
9.665893E-02  6.1820E-01
9.692200E-02  6.1799E-01
9.840550E-02  6.1685E-01
9.880110E-02  6.1656E-01
9.939450E-02  2.4131E+01
1.008780E-01  1.9837E+01
1.033284E-01  1.4480E+01
1.104581E-01  6.2404E+00
1.180797E-01  3.3591E+00
1.262272E-01  2.2914E+00
1.349368E-01  1.8404E+00
1.442475E-01  1.6467E+00
1.542005E-01  1.5839E+00
1.648404E-01  1.6033E+00
1.762144E-01  1.6852E+00
1.875720E-01  1.8119E+00
1.883732E-01  1.8222E+00
1.904430E-01  1.8498E+00
1.912086E-01  1.8602E+00
1.923570E-01  2.8253E+00
1.952280E-01  2.8775E+00
2.013709E-01  2.9952E+00
2.016840E-01  3.0014E+00
2.047710E-01  3.0637E+00
2.055942E-01  3.0806E+00
2.068290E-01  3.4333E+00
2.099160E-01  3.5027E+00
2.152655E-01  3.6262E+00
2.301188E-01  3.9852E+00
2.459970E-01  4.3834E+00
2.629708E-01  4.8098E+00
2.649920E-01  4.8600E+00
2.690480E-01  4.9598E+00
2.701296E-01  4.9863E+00
2.717520E-01  5.5410E+00
2.758080E-01  5.6421E+00
2.811158E-01  5.7724E+00
3.005128E-01  6.2234E+00
3.212482E-01  6.6495E+00
3.434143E-01  7.0310E+00
3.671099E-01  7.3528E+00
3.924405E-01  7.6033E+00
4.195189E-01  7.7705E+00
4.484657E-01  7.8465E+00
4.794098E-01  7.8382E+00
5.124891E-01  7.7563E+00
5.478508E-01  7.6133E+00
5.856525E-01  7.4219E+00
6.260625E-01  7.1940E+00
6.692609E-01  6.9402E+00
7.154399E-01  6.6701E+00
7.648052E-01  6.3909E+00
8.150660E-01  6.1211E+00
8.175768E-01  6.1080E+00
8.275415E-01  6.0566E+00
8.315300E-01  6.0363E+00
8.358585E-01  2.5206E+01
8.442575E-01  2.4855E+01
8.476515E-01  2.4715E+01
8.483340E-01  2.4688E+01
8.527425E-01  3.7187E+01
8.654700E-01  3.6387E+01
8.739896E-01  3.5868E+01
9.342948E-01  3.2536E+01
9.987612E-01  2.9646E+01
1.067676E+00  2.6971E+01
1.100932E+00  2.5830E+01
1.117783E+00  2.5284E+01
1.122277E+00  2.5142E+01
1.129017E+00  2.9075E+01
1.141345E+00  2.8607E+01
1.145868E+00  2.8438E+01
1.180312E+00  2.7215E+01
1.198378E+00  2.6665E+01
1.203196E+00  2.6523E+01
1.210422E+00  2.8098E+01
1.220098E+00  2.7793E+01
1.228488E+00  2.7535E+01
1.304285E+00  2.5510E+01
1.334074E+00  2.4842E+01
1.354493E+00  2.4412E+01
1.359939E+00  2.4301E+01
1.368106E+00  2.5282E+01
1.388526E+00  2.4877E+01
1.394281E+00  2.4766E+01
1.490486E+00  2.2845E+01
1.593329E+00  2.0959E+01
1.703269E+00  1.9183E+01
1.820795E+00  1.7542E+01
1.946430E+00  1.6009E+01
2.080733E+00  1.4606E+01
2.224304E+00  1.3340E+01
2.377781E+00  1.2171E+01
2.541848E+00  1.1099E+01
2.717235E+00  1.0131E+01
2.904724E+00  9.2543E+00
3.105150E+00  8.3917E+00
3.319406E+00  7.5590E+00
3.548445E+00  6.7776E+00
3.793288E+00  6.0781E+00
4.055024E+00  5.4587E+00
4.334821E+00  4.9111E+00
4.633924E+00  4.4267E+00
4.953664E+00  3.9916E+00
5.295467E+00  3.5875E+00
5.373046E+00  3.5036E+00
5.455286E+00  3.4185E+00
5.477217E+00  3.3963E+00
5.510113E+00  1.0377E+01
5.592354E+00  1.0105E+01
5.660855E+00  9.8871E+00
5.772788E+00  9.5487E+00
5.861147E+00  9.3016E+00
5.884710E+00  9.2377E+00
5.920053E+00  1.2650E+01
6.008412E+00  1.2328E+01
6.051453E+00  1.2176E+01
6.140974E+00  1.1871E+01
6.234969E+00  1.1566E+01
6.260034E+00  1.1488E+01
6.297632E+00  1.3155E+01
6.391626E+00  1.2861E+01
6.469004E+00  1.2629E+01
6.915365E+00  1.1409E+01
7.392525E+00  1.0292E+01
7.902609E+00  9.2671E+00
8.447890E+00  8.3384E+00
9.030794E+00  7.4904E+00
9.653919E+00  6.6873E+00
1.032004E+01  5.9756E+00
1.103212E+01  5.3423E+00
1.179334E+01  4.7625E+00
1.260708E+01  4.2378E+00
1.347697E+01  3.7621E+00
1.440688E+01  3.3427E+00
1.540095E+01  2.9725E+00
1.646362E+01  2.6451E+00
1.759961E+01  2.3557E+00
1.881398E+01  2.0999E+00
2.011215E+01  1.8735E+00
2.149988E+01  1.6731E+00
2.298338E+01  1.4955E+00
2.456923E+01  1.3359E+00
2.626450E+01  1.1917E+00
2.807676E+01  1.0525E+00
3.001405E+01  9.2569E-01
3.208502E+01  8.1452E-01
3.429889E+01  7.1730E-01
3.666551E+01  6.3221E-01
3.814611E+01  5.8681E-01
3.872998E+01  5.7031E-01
3.888567E+01  5.6603E-01
3.911922E+01  3.4178E+00
3.919543E+01  3.4071E+00
3.970309E+01  3.3377E+00
4.189992E+01  3.0600E+00
4.479101E+01  2.7431E+00
4.788159E+01  2.4574E+00
5.118542E+01  2.1998E+00
5.471721E+01  1.9636E+00
5.849270E+01  1.7523E+00
6.252870E+01  1.5634E+00
6.684318E+01  1.3947E+00
7.145536E+01  1.2440E+00
7.638578E+01  1.1096E+00
8.165640E+01  9.8626E-01
8.729069E+01  8.7300E-01
9.331374E+01  7.7283E-01
9.975239E+01  6.8421E-01
1.066353E+02  6.0580E-01
1.139931E+02  5.3642E-01
1.218587E+02  4.7503E-01
1.302669E+02  4.2070E-01
1.392553E+02  3.7261E-01
1.488640E+02  3.3004E-01
1.591356E+02  2.9236E-01
1.701159E+02  2.5904E-01
1.818539E+02  2.2981E-01
1.944018E+02  2.0389E-01
2.078156E+02  1.8090E-01
2.221548E+02  1.6052E-01
2.374835E+02  1.4244E-01
2.538699E+02  1.2641E-01
2.713869E+02  1.1218E-01
2.901126E+02  9.9565E-02
3.101304E+02  8.8371E-02
3.315294E+02  7.8440E-02
3.544049E+02  6.9628E-02
3.788588E+02  6.1809E-02
4.050001E+02  5.4871E-02
4.329451E+02  4.8714E-02