7.179501E-03  8.6582E-02
7.225283E-03  8.7712E-02
7.254329E-03  8.8433E-02
7.286658E-03  4.3229E-01
7.297899E-03  4.3365E-01
7.406823E-03  4.4694E-01
1.069000E-02  8.9599E-01
1.142761E-02  1.0032E+00
1.221612E-02  1.1196E+00
1.305903E-02  1.2460E+00
1.396010E-02  1.3827E+00
1.492335E-02  1.5303E+00
1.595306E-02  1.6889E+00
1.705382E-02  1.8586E+00
1.823053E-02  2.0393E+00
1.948844E-02  2.2306E+00
2.083314E-02  2.4316E+00
2.227063E-02  2.6413E+00
2.380730E-02  2.8582E+00
2.545001E-02  3.0804E+00
2.720606E-02  3.3057E+00
2.908327E-02  3.5314E+00
3.109002E-02  3.7511E+00
3.323523E-02  3.9586E+00
3.552846E-02  4.1504E+00
3.797993E-02  4.3234E+00
4.060054E-02  4.4745E+00
4.340198E-02  4.6014E+00
4.639671E-02  4.7022E+00
4.762800E-02  4.7343E+00
4.835700E-02  4.7510E+00
4.855140E-02  4.7551E+00
4.884300E-02  7.0772E+00
4.959809E-02  6.9247E+00
5.302035E-02  6.3735E+00
5.667876E-02  6.0061E+00
6.058959E-02  5.7945E+00
6.477028E-02  5.6564E+00
6.923942E-02  5.5542E+00
7.401695E-02  5.4705E+00
7.912411E-02  5.3977E+00
8.222200E-02  5.3596E+00
8.348050E-02  5.3453E+00
8.381610E-02  5.3415E+00
8.431950E-02  5.7433E+00
8.458368E-02  5.7418E+00
8.557800E-02  5.7364E+00
9.041995E-02  5.7149E+00
9.665893E-02  5.6970E+00
1.033284E-01  5.6848E+00
1.104581E-01  5.6777E+00
1.180797E-01  5.6747E+00
1.262272E-01  5.6740E+00
1.349368E-01  5.6709E+00
1.442475E-01  5.5608E+00
1.542005E-01  5.4373E+00
1.648404E-01  5.3132E+00
1.762144E-01  5.1855E+00
1.883732E-01  5.0514E+00
2.013709E-01  4.9083E+00
2.152655E-01  4.7517E+00
2.301188E-01  4.5816E+00
2.459970E-01  4.3992E+00
2.629708E-01  4.2068E+00
2.811158E-01  4.0069E+00
3.005128E-01  3.8023E+00
3.212482E-01  3.5956E+00
3.434143E-01  3.3896E+00
3.671099E-01  3.1862E+00
3.924405E-01  2.9874E+00
4.195189E-01  2.7947E+00
4.484657E-01  2.6096E+00
4.794098E-01  2.4328E+00
5.124891E-01  2.2649E+00
5.478508E-01  2.1063E+00
5.856525E-01  1.9569E+00
6.260625E-01  1.8169E+00
6.274940E-01  1.8123E+00
6.370985E-01  1.7817E+00
6.383720E-01  1.7778E+00
6.396597E-01  1.7738E+00
6.435015E-01  1.1535E+01
6.481430E-01  1.1416E+01
6.507486E-01  1.1351E+01
6.531060E-01  1.6147E+01
6.546570E-01  1.6092E+01
6.644280E-01  1.5750E+01
6.692609E-01  1.5586E+01
7.154399E-01  1.4152E+01
7.536200E-01  1.3130E+01
7.648052E-01  1.2855E+01
7.651550E-01  1.2846E+01
7.682310E-01  1.2772E+01
7.728450E-01  1.4414E+01
7.843800E-01  1.4137E+01
8.175768E-01  1.3388E+01
8.739896E-01  1.2261E+01
9.342948E-01  1.1217E+01
9.987612E-01  1.0249E+01
1.067676E+00  9.3203E+00
1.141345E+00  8.4254E+00
1.220098E+00  7.5974E+00
1.304285E+00  6.8499E+00
1.394281E+00  6.1613E+00
1.490486E+00  5.5413E+00
1.593329E+00  4.9834E+00
1.703269E+00  4.4808E+00
1.820795E+00  4.0297E+00
1.946430E+00  3.6251E+00
2.080733E+00  3.2624E+00
2.224304E+00  2.9374E+00
2.377781E+00  2.6463E+00
2.541848E+00  2.3855E+00
2.717235E+00  2.1404E+00
2.904724E+00  1.9200E+00
3.105150E+00  1.7102E+00
3.319406E+00  1.5080E+00
3.548445E+00  1.3310E+00
3.793288E+00  1.1760E+00
4.055024E+00  1.0400E+00
4.334821E+00  9.2070E-01
4.633924E+00  8.1589E-01
4.953664E+00  7.2375E-01
5.295467E+00  6.4266E-01
5.660855E+00  5.7123E-01
6.051453E+00  5.0825E-01
6.408220E+00  4.6011E-01
6.469004E+00  4.5266E-01
6.506305E+00  4.4818E-01
6.532461E+00  4.4509E-01
6.571695E+00  3.9072E+00
6.669780E+00  3.7970E+00
6.915365E+00  3.5470E+00
7.392525E+00  3.1829E+00
7.902609E+00  2.8708E+00
8.447890E+00  2.5884E+00
9.030794E+00  2.3192E+00
9.653919E+00  2.0682E+00
1.032004E+01  1.8446E+00
1.103212E+01  1.6453E+00
1.179334E+01  1.4677E+00
1.260708E+01  1.3092E+00
1.347697E+01  1.1631E+00
1.440688E+01  1.0284E+00
1.540095E+01  9.0870E-01
1.646362E+01  8.0299E-01
1.759961E+01  7.0962E-01
1.881398E+01  6.2716E-01
2.011215E+01  5.5431E-01
2.149988E+01  4.8995E-01
2.298338E+01  4.3309E-01
2.456923E+01  3.8284E-01
2.626450E+01  3.3845E-01
2.807676E+01  2.9781E-01
3.001405E+01  2.6044E-01
3.208502E+01  2.2761E-01
3.429889E+01  1.9892E-01
3.666551E+01  1.7386E-01
3.919543E+01  1.5195E-01
4.189992E+01  1.3281E-01
4.479101E+01  1.1608E-01
4.788159E+01  1.0146E-01
5.118542E+01  8.8683E-02
5.471721E+01  7.7519E-02
5.849270E+01  6.7762E-02
6.252870E+01  5.9235E-02
6.684318E+01  5.1782E-02
7.145536E+01  4.5268E-02
7.638578E+01  3.9574E-02
8.165640E+01  3.4540E-02
8.729069E+01  3.0033E-02
9.331374E+01  2.6114E-02
9.975239E+01  2.2708E-02
1.066353E+02  1.9746E-02
1.139931E+02  1.7170E-02
1.218587E+02  1.4931E-02
1.302669E+02  1.2984E-02
1.392553E+02  1.1291E-02
1.488640E+02  9.8190E-03
1.591356E+02  8.5389E-03
1.701159E+02  7.4258E-03
1.818539E+02  6.4579E-03
1.944018E+02  5.6162E-03
2.078156E+02  4.8843E-03
2.221548E+02  4.2478E-03
2.374835E+02  3.6942E-03
2.538699E+02  3.2129E-03
2.713869E+02  2.7943E-03
2.901126E+02  2.4302E-03
3.101304E+02  2.1136E-03
3.315294E+02  1.8383E-03
3.544049E+02  1.5988E-03
3.788588E+02  1.3905E-03
4.050001E+02  1.2094E-03
4.329451E+02  1.0519E-03