7.000906E-03  4.87567E+00
7.108063E-03  4.76264E+00
7.116359E-03  4.74787E+00
7.136638E-03  4.69094E+00
7.179501E-03  4.68054E+00
7.225283E-03  4.60492E+00
7.254329E-03  4.43167E+00
7.286658E-03  4.56450E+00
7.297899E-03  4.60423E+00
7.406823E-03  4.74833E+00
1.069000E-02  4.87379E+00
1.142761E-02  4.86446E+00
1.221612E-02  4.85674E+00
1.305903E-02  4.85198E+00
1.396010E-02  4.85154E+00
1.492335E-02  4.85683E+00
1.595306E-02  4.86935E+00
1.705382E-02  4.89071E+00
1.823053E-02  4.92262E+00
1.948844E-02  4.96681E+00
2.083314E-02  5.02507E+00
2.227063E-02  5.09930E+00
2.380730E-02  5.19091E+00
2.545001E-02  5.30149E+00
2.720606E-02  5.43236E+00
2.908327E-02  5.58491E+00
3.109002E-02  5.75947E+00
3.323523E-02  5.95150E+00
3.552846E-02  6.15427E+00
3.797993E-02  6.35760E+00
4.060054E-02  6.54294E+00
4.340198E-02  6.66665E+00
4.639671E-02  6.55405E+00
4.762800E-02  6.20116E+00
4.835700E-02  5.35353E+00
4.855140E-02  4.21071E+00
4.884300E-02  5.54427E+00
4.959809E-02  6.78893E+00
5.302035E-02  8.26842E+00
5.667876E-02  8.82114E+00
6.058959E-02  9.17629E+00
6.477028E-02  9.46762E+00
6.923942E-02  9.72427E+00
7.401695E-02  9.94746E+00
7.912411E-02  1.01123E+01
8.222200E-02  1.01176E+01
8.348050E-02  9.99109E+00
8.381610E-02  9.79639E+00
8.431950E-02  1.00228E+01
8.458368E-02  1.00962E+01
8.557800E-02  1.02519E+01
9.041995E-02  1.06219E+01
9.665893E-02  1.09524E+01
1.033284E-01  1.12573E+01
1.104581E-01  1.15559E+01
1.180797E-01  1.18579E+01
1.262272E-01  1.21705E+01
1.349368E-01  1.25017E+01
1.442475E-01  1.28362E+01
1.542005E-01  1.31400E+01
1.648404E-01  1.34258E+01
1.762144E-01  1.36967E+01
1.883732E-01  1.39546E+01
2.013709E-01  1.41998E+01
2.152655E-01  1.44295E+01
2.301188E-01  1.46387E+01
2.459970E-01  1.48229E+01
2.629708E-01  1.49795E+01
2.811158E-01  1.51015E+01
3.005128E-01  1.51866E+01
3.212482E-01  1.52308E+01
3.434143E-01  1.52292E+01
3.671099E-01  1.51754E+01
3.924405E-01  1.50600E+01
4.195189E-01  1.48692E+01
4.484657E-01  1.45809E+01
4.794098E-01  1.41575E+01
5.124891E-01  1.35289E+01
5.478508E-01  1.25443E+01
5.856525E-01  1.07856E+01
6.260625E-01  5.92995E+00
6.274940E-01  5.54629E+00
6.370985E-01  7.07354E-01
6.383720E-01  -9.76022E-01
6.396597E-01  -4.53373E+00
6.435015E-01  7.75254E-02
6.481430E-01  1.67813E+00
6.507486E-01  1.72464E-01
6.531060E-01  2.39202E+00
6.546570E-01  3.80093E+00
6.644280E-01  7.80621E+00
6.692609E-01  8.95254E+00
7.154399E-01  1.42272E+01
7.536200E-01  1.57962E+01
7.648052E-01  1.55761E+01
7.651550E-01  1.55425E+01
7.682310E-01  1.47738E+01
7.728450E-01  1.58637E+01
7.843800E-01  1.70753E+01
8.175768E-01  1.87594E+01
8.739896E-01  2.04727E+01
9.342948E-01  2.16815E+01
9.987612E-01  2.25986E+01
1.067676E+00  2.33123E+01
1.141345E+00  2.38555E+01
1.220098E+00  2.42393E+01
1.304285E+00  2.45176E+01
1.394281E+00  2.47113E+01
1.490486E+00  2.48369E+01
1.593329E+00  2.49125E+01
1.703269E+00  2.49499E+01
1.820795E+00  2.49583E+01
1.946430E+00  2.49447E+01
2.080733E+00  2.49156E+01
2.224304E+00  2.48752E+01
2.377781E+00  2.48294E+01
2.541848E+00  2.47785E+01
2.717235E+00  2.47246E+01
2.904724E+00  2.46691E+01
3.105150E+00  2.46120E+01
3.319406E+00  2.45255E+01
3.548445E+00  2.44274E+01
3.793288E+00  2.43202E+01
4.055024E+00  2.42039E+01
4.334821E+00  2.40759E+01
4.633924E+00  2.39312E+01
4.953664E+00  2.37601E+01
5.295467E+00  2.35437E+01
5.660855E+00  2.32388E+01
6.051453E+00  2.27115E+01
6.408220E+00  2.14354E+01
6.469004E+00  2.07891E+01
6.506305E+00  1.99795E+01
6.532461E+00  1.82218E+01
6.571695E+00  2.00165E+01
6.669780E+00  2.16410E+01
6.915365E+00  2.29017E+01
7.392525E+00  2.38502E+01
7.902609E+00  2.43589E+01
8.447890E+00  2.46957E+01
9.030794E+00  2.49352E+01
9.653919E+00  2.50944E+01
1.032004E+01  2.52022E+01
1.103212E+01  2.52757E+01
1.179334E+01  2.53252E+01
1.260708E+01  2.53579E+01
1.347697E+01  2.54183E+01
1.440688E+01  2.54240E+01
1.540095E+01  2.54196E+01
1.646362E+01  2.54086E+01
1.759961E+01  2.53932E+01
1.881398E+01  2.53751E+01
2.011215E+01  2.53554E+01
2.149988E+01  2.53349E+01
2.298338E+01  2.53143E+01
2.456923E+01  2.52941E+01
2.626450E+01  2.52746E+01
2.807676E+01  2.52565E+01
3.001405E+01  2.52383E+01
3.208502E+01  2.52200E+01
3.429889E+01  2.52021E+01
3.666551E+01  2.51851E+01
3.919543E+01  2.51691E+01
4.189992E+01  2.51541E+01
4.479101E+01  2.51401E+01
4.788159E+01  2.51272E+01
5.118542E+01  2.51153E+01
5.471721E+01  2.51044E+01
5.849270E+01  2.50944E+01
6.252870E+01  2.50853E+01
6.684318E+01  2.50770E+01
7.145536E+01  2.50695E+01
7.638578E+01  2.50626E+01
8.165640E+01  2.50565E+01
8.729069E+01  2.50508E+01
9.331374E+01  2.50456E+01
9.975239E+01  2.50409E+01
1.066353E+02  2.50367E+01
1.139931E+02  2.50329E+01
1.218587E+02  2.50294E+01
1.302669E+02  2.50263E+01
1.392553E+02  2.50235E+01
1.488640E+02  2.50210E+01
1.591356E+02  2.50187E+01
1.701159E+02  2.50167E+01
1.818539E+02  2.50149E+01
1.944018E+02  2.50133E+01
2.078156E+02  2.50118E+01
2.221548E+02  2.50105E+01
2.374835E+02  2.50094E+01
2.538699E+02  2.50083E+01
2.713869E+02  2.50074E+01
2.901126E+02  2.50066E+01
3.101304E+02  2.50059E+01
3.315294E+02  2.50052E+01
3.544049E+02  2.50046E+01
3.788588E+02  2.50041E+01
4.050001E+02  2.50036E+01
4.329451E+02  2.50032E+01