6.958000E-03  -2.20730E+00
7.064500E-03  -3.19554E+00
7.092900E-03  -4.32288E+00
7.135500E-03  -3.22458E+00
7.242000E-03  -2.28890E+00
1.069000E-02  2.11490E-01
1.142761E-02  4.32528E-01
1.221612E-02  6.41679E-01
1.305903E-02  8.41330E-01
1.396010E-02  1.03339E+00
1.492335E-02  1.21943E+00
1.595306E-02  1.40070E+00
1.705382E-02  1.57805E+00
1.823053E-02  1.75182E+00
1.948844E-02  1.92140E+00
2.083314E-02  2.08430E+00
2.227063E-02  2.23222E+00
2.322600E-02  2.29401E+00
2.358150E-02  2.27485E+00
2.367630E-02  2.21999E+00
2.380730E-02  2.29056E+00
2.381850E-02  2.29549E+00
2.417400E-02  2.38419E+00
2.545001E-02  2.56373E+00
2.720606E-02  2.77017E+00
2.908327E-02  2.97896E+00
3.109002E-02  3.19372E+00
3.323523E-02  3.41313E+00
3.552846E-02  3.63537E+00
3.797993E-02  3.85841E+00
4.060054E-02  4.08006E+00
4.340198E-02  4.29812E+00
4.639671E-02  4.51045E+00
4.959809E-02  4.71509E+00
5.302035E-02  4.91032E+00
5.667876E-02  5.09473E+00
6.058959E-02  5.26727E+00
6.477028E-02  5.42719E+00
6.923942E-02  5.57410E+00
7.401695E-02  5.70887E+00
7.912411E-02  5.82981E+00
8.458368E-02  5.93830E+00
9.041995E-02  6.03498E+00
9.665893E-02  6.12073E+00
1.033284E-01  6.19637E+00
1.104581E-01  6.26258E+00
1.180797E-01  6.32029E+00
1.262272E-01  6.37066E+00
1.349368E-01  6.41516E+00
1.442475E-01  6.44826E+00
1.542005E-01  6.46854E+00
1.648404E-01  6.47860E+00
1.762144E-01  6.48016E+00
1.883732E-01  6.47437E+00
2.013709E-01  6.46203E+00
2.152655E-01  6.44358E+00
2.301188E-01  6.41919E+00
2.459970E-01  6.38871E+00
2.629708E-01  6.35166E+00
2.811158E-01  6.30713E+00
3.005128E-01  6.25366E+00
3.212482E-01  6.18896E+00
3.434143E-01  6.10952E+00
3.671099E-01  6.00975E+00
3.924405E-01  5.88028E+00
4.195189E-01  5.70405E+00
4.484657E-01  5.44549E+00
4.794098E-01  5.01012E+00
5.124891E-01  3.97074E+00
5.213600E-01  3.28506E+00
5.293400E-01  1.63837E+00
5.314680E-01  -3.36417E-01
5.346600E-01  1.71635E+00
5.426400E-01  3.51780E+00
5.478508E-01  4.05204E+00
5.856525E-01  5.74654E+00
6.260625E-01  6.55266E+00
6.692609E-01  7.07480E+00
7.154399E-01  7.44087E+00
7.648052E-01  7.70602E+00
8.175768E-01  7.90150E+00
8.739896E-01  8.04830E+00
9.342948E-01  8.16115E+00
9.987612E-01  8.24254E+00
1.067676E+00  8.30267E+00
1.141345E+00  8.33861E+00
1.220098E+00  8.35935E+00
1.304285E+00  8.36902E+00
1.394281E+00  8.37050E+00
1.490486E+00  8.36596E+00
1.593329E+00  8.35705E+00
1.703269E+00  8.34592E+00
1.820795E+00  8.33198E+00
1.946430E+00  8.31689E+00
2.080733E+00  8.30145E+00
2.224304E+00  8.28581E+00
2.377781E+00  8.26885E+00
2.541848E+00  8.25152E+00
2.717235E+00  8.23442E+00
2.904724E+00  8.21791E+00
3.105150E+00  8.20256E+00
3.319406E+00  8.18728E+00
3.548445E+00  8.17222E+00
3.793288E+00  8.15779E+00
4.055024E+00  8.14414E+00
4.334821E+00  8.13136E+00
4.633924E+00  8.11947E+00
4.953664E+00  8.10847E+00
5.295467E+00  8.09834E+00
5.660855E+00  8.08903E+00
6.051453E+00  8.08051E+00
6.469004E+00  8.07273E+00
6.915365E+00  8.06564E+00
7.392525E+00  8.05920E+00
7.902609E+00  8.05336E+00
8.447890E+00  8.04808E+00
9.030794E+00  8.04333E+00
9.653919E+00  8.03905E+00
1.032004E+01  8.03513E+00
1.103212E+01  8.03154E+00
1.179334E+01  8.02827E+00
1.260708E+01  8.02530E+00
1.347697E+01  8.02262E+00
1.440688E+01  8.02021E+00
1.540095E+01  8.01804E+00
1.646362E+01  8.01609E+00
1.759961E+01  8.01434E+00
1.881398E+01  8.01277E+00
2.011215E+01  8.01137E+00
2.149988E+01  8.01012E+00
2.298338E+01  8.00900E+00
2.456923E+01  8.00801E+00
2.626450E+01  8.00713E+00
2.807676E+01  8.00633E+00
3.001405E+01  8.00562E+00
3.208502E+01  8.00498E+00
3.429889E+01  8.00442E+00
3.666551E+01  8.00392E+00
3.919543E+01  8.00347E+00
4.189992E+01  8.00307E+00
4.479101E+01  8.00272E+00
4.788159E+01  8.00240E+00
5.118542E+01  8.00213E+00
5.471721E+01  8.00188E+00
5.849270E+01  8.00166E+00
6.252870E+01  8.00147E+00
6.684318E+01  8.00130E+00
7.145536E+01  8.00114E+00
7.638578E+01  8.00101E+00
8.165640E+01  8.00089E+00
8.729069E+01  8.00079E+00
9.331374E+01  8.00069E+00
9.975239E+01  8.00061E+00
1.066353E+02  8.00054E+00
1.139931E+02  8.00048E+00
1.218587E+02  8.00042E+00
1.302669E+02  8.00037E+00
1.392553E+02  8.00033E+00
1.488640E+02  8.00029E+00
1.591356E+02  8.00025E+00
1.701159E+02  8.00022E+00
1.818539E+02  8.00020E+00
1.944018E+02  8.00017E+00
2.078156E+02  8.00015E+00
2.221548E+02  8.00013E+00
2.374835E+02  8.00012E+00
2.538699E+02  8.00010E+00
2.713869E+02  8.00009E+00
2.901126E+02  8.00008E+00
3.101304E+02  8.00007E+00
3.315294E+02  8.00006E+00
3.544049E+02  8.00005E+00
3.788588E+02  8.00005E+00
4.050001E+02  8.00004E+00
4.329451E+02  8.00004E+00