7.135500E-03  2.1888E+00
7.242000E-03  2.2193E+00
1.069000E-02  2.8635E+00
1.142761E-02  2.9247E+00
1.221612E-02  2.9771E+00
1.305903E-02  3.0227E+00
1.396010E-02  3.0629E+00
1.492335E-02  3.0988E+00
1.595306E-02  3.1309E+00
1.705382E-02  3.1595E+00
1.823053E-02  3.1845E+00
1.948844E-02  3.2056E+00
2.083314E-02  3.2222E+00
2.227063E-02  3.2335E+00
2.322600E-02  3.2375E+00
2.358150E-02  3.2384E+00
2.367630E-02  3.2385E+00
2.380730E-02  3.3643E+00
2.381850E-02  3.3645E+00
2.417400E-02  3.3716E+00
2.545001E-02  3.3962E+00
2.720606E-02  3.4281E+00
2.908327E-02  3.4550E+00
3.109002E-02  3.4718E+00
3.323523E-02  3.4762E+00
3.552846E-02  3.4671E+00
3.797993E-02  3.4438E+00
4.060054E-02  3.4059E+00
4.340198E-02  3.3536E+00
4.639671E-02  3.2873E+00
4.959809E-02  3.2080E+00
5.302035E-02  3.1170E+00
5.667876E-02  3.0157E+00
6.058959E-02  2.9059E+00
6.477028E-02  2.7892E+00
6.923942E-02  2.6674E+00
7.401695E-02  2.5423E+00
7.912411E-02  2.4154E+00
8.458368E-02  2.2881E+00
9.041995E-02  2.1619E+00
9.665893E-02  2.0376E+00
1.033284E-01  1.9159E+00
1.104581E-01  1.7974E+00
1.180797E-01  1.6829E+00
1.262272E-01  1.5728E+00
1.349368E-01  1.4636E+00
1.442475E-01  1.3430E+00
1.542005E-01  1.2306E+00
1.648404E-01  1.1262E+00
1.762144E-01  1.0297E+00
1.883732E-01  9.4068E-01
2.013709E-01  8.5876E-01
2.152655E-01  7.8355E-01
2.301188E-01  7.1464E-01
2.459970E-01  6.5159E-01
2.629708E-01  5.9399E-01
2.811158E-01  5.4143E-01
3.005128E-01  4.9351E-01
3.212482E-01  4.4986E-01
3.434143E-01  4.1012E-01
3.671099E-01  3.7397E-01
3.924405E-01  3.4110E-01
4.195189E-01  3.1121E-01
4.484657E-01  2.8376E-01
4.794098E-01  2.5661E-01
5.124891E-01  2.3191E-01
5.213600E-01  2.2593E-01
5.293400E-01  2.2075E-01
5.314680E-01  2.1941E-01
5.346600E-01  4.1067E+00
5.426400E-01  4.0360E+00
5.478508E-01  3.9911E+00
5.856525E-01  3.6911E+00
6.260625E-01  3.3971E+00
6.692609E-01  3.1024E+00
7.154399E-01  2.8186E+00
7.648052E-01  2.5523E+00
8.175768E-01  2.3068E+00
8.739896E-01  2.0831E+00
9.342948E-01  1.8753E+00
9.987612E-01  1.6834E+00
1.067676E+00  1.5016E+00
1.141345E+00  1.3385E+00
1.220098E+00  1.1926E+00
1.304285E+00  1.0621E+00
1.394281E+00  9.4552E-01
1.490486E+00  8.4147E-01
1.593329E+00  7.4865E-01
1.703269E+00  6.6590E-01
1.820795E+00  5.9217E-01
1.946430E+00  5.2651E-01
2.080733E+00  4.6808E-01
2.224304E+00  4.1395E-01
2.377781E+00  3.6513E-01
2.541848E+00  3.2207E-01
2.717235E+00  2.8409E-01
2.904724E+00  2.5059E-01
3.105150E+00  2.1994E-01
3.319406E+00  1.9213E-01
3.548445E+00  1.6784E-01
3.793288E+00  1.4662E-01
4.055024E+00  1.2808E-01
4.334821E+00  1.1189E-01
4.633924E+00  9.7749E-02
4.953664E+00  8.5394E-02
5.295467E+00  7.4601E-02
5.660855E+00  6.5172E-02
6.051453E+00  5.6936E-02
6.469004E+00  4.9740E-02
6.915365E+00  4.3455E-02
7.392525E+00  3.7964E-02
7.902609E+00  3.3166E-02
8.447890E+00  2.8976E-02
9.030794E+00  2.5277E-02
9.653919E+00  2.1935E-02
1.032004E+01  1.8995E-02
1.103212E+01  1.6411E-02
1.179334E+01  1.4177E-02
1.260708E+01  1.2248E-02
1.347697E+01  1.0581E-02
1.440688E+01  9.1406E-03
1.540095E+01  7.8965E-03
1.646362E+01  6.8218E-03
1.759961E+01  5.8934E-03
1.881398E+01  5.0913E-03
2.011215E+01  4.3984E-03
2.149988E+01  3.7998E-03
2.298338E+01  3.2827E-03
2.456923E+01  2.8360E-03
2.626450E+01  2.4500E-03
2.807676E+01  2.1079E-03
3.001405E+01  1.8110E-03
3.208502E+01  1.5560E-03
3.429889E+01  1.3368E-03
3.666551E+01  1.1486E-03
3.919543E+01  9.8682E-04
4.189992E+01  8.4786E-04
4.479101E+01  7.2846E-04
4.788159E+01  6.2588E-04
5.118542E+01  5.3774E-04
5.471721E+01  4.6201E-04
5.849270E+01  3.9695E-04
6.252870E+01  3.4106E-04
6.684318E+01  2.9303E-04
7.145536E+01  2.5177E-04
7.638578E+01  2.1632E-04
8.165640E+01  1.8580E-04
8.729069E+01  1.5948E-04
9.331374E+01  1.3689E-04
9.975239E+01  1.1750E-04
1.066353E+02  1.0086E-04
1.139931E+02  8.6571E-05
1.218587E+02  7.4309E-05
1.302669E+02  6.3783E-05
1.392553E+02  5.4749E-05
1.488640E+02  4.6994E-05
1.591356E+02  4.0338E-05
1.701159E+02  3.4625E-05
1.818539E+02  2.9721E-05
1.944018E+02  2.5511E-05
2.078156E+02  2.1898E-05
2.221548E+02  1.8797E-05
2.374835E+02  1.6135E-05
2.538699E+02  1.3849E-05
2.713869E+02  1.1888E-05
2.901126E+02  1.0204E-05
3.101304E+02  8.7592E-06
3.315294E+02  7.5187E-06
3.544049E+02  6.4539E-06
3.788588E+02  5.5399E-06
4.050001E+02  4.7554E-06
4.329451E+02  4.0819E-06