1.069000E-02  6.01475E+00
1.142761E-02  5.84877E+00
1.221612E-02  5.64098E+00
1.305903E-02  5.37550E+00
1.396010E-02  5.02694E+00
1.492335E-02  4.55166E+00
1.595306E-02  3.86641E+00
1.705382E-02  2.78500E+00
1.823053E-02  7.54046E-01
1.948844E-02  -5.82671E+00
1.950200E-02  -6.00105E+00
1.980050E-02  -1.36341E+01
1.988010E-02  -2.30666E+01
1.999950E-02  -1.28619E+01
2.029800E-02  -3.82214E+00
2.083314E-02  2.01263E+00
2.227063E-02  8.40831E+00
2.380730E-02  1.14841E+01
2.545001E-02  1.29978E+01
2.720606E-02  1.36030E+01
2.908327E-02  1.36861E+01
3.109002E-02  1.34888E+01
3.323523E-02  1.31574E+01
3.552846E-02  1.27730E+01
3.694600E-02  1.25346E+01
3.751150E-02  1.24291E+01
3.766230E-02  1.23844E+01
3.788850E-02  1.23712E+01
3.797993E-02  1.23628E+01
3.845400E-02  1.23062E+01
4.060054E-02  1.20320E+01
4.340198E-02  1.17120E+01
4.639671E-02  1.14213E+01
4.959809E-02  1.11581E+01
5.302035E-02  1.09182E+01
5.667876E-02  1.06961E+01
6.058959E-02  1.04934E+01
6.477028E-02  1.02891E+01
6.923942E-02  1.00843E+01
7.401695E-02  9.87222E+00
7.912411E-02  9.64530E+00
8.458368E-02  9.39477E+00
9.041995E-02  9.11006E+00
9.665893E-02  8.77712E+00
1.033284E-01  8.37592E+00
1.104581E-01  7.87523E+00
1.180797E-01  7.21893E+00
1.262272E-01  6.26992E+00
1.304380E-01  5.54051E+00
1.323000E-01  5.01232E+00
1.324345E-01  4.95426E+00
1.329669E-01  4.56862E+00
1.337655E-01  4.63112E+00
1.343250E-01  4.56576E+00
1.349368E-01  4.25375E+00
1.356750E-01  4.44240E+00
1.357620E-01  4.44650E+00
1.377000E-01  4.35558E+00
1.442475E-01  3.59201E+00
1.542005E-01  2.40039E+00
1.648404E-01  1.56073E+00
1.762144E-01  1.31547E+00
1.883732E-01  1.79924E+00
2.013709E-01  2.99766E+00
2.152655E-01  4.76573E+00
2.301188E-01  6.87259E+00
2.459970E-01  9.02751E+00
2.629708E-01  1.06739E+01
2.637180E-01  1.06994E+01
2.677545E-01  1.04677E+01
2.688309E-01  9.77365E+00
2.704455E-01  1.07411E+01
2.742040E-01  1.17583E+01
2.744820E-01  1.18076E+01
2.784010E-01  1.22586E+01
2.795202E-01  1.20944E+01
2.811158E-01  1.26846E+01
2.811990E-01  1.27109E+01
2.853960E-01  1.36391E+01
3.005128E-01  1.58617E+01
3.212482E-01  1.81526E+01
3.434143E-01  1.99592E+01
3.503500E-01  2.03353E+01
3.557125E-01  2.03684E+01
3.571425E-01  2.00386E+01
3.592875E-01  2.06284E+01
3.646500E-01  2.13786E+01
3.671099E-01  2.16251E+01
3.924405E-01  2.34986E+01
4.195189E-01  2.49534E+01
4.484657E-01  2.61751E+01
4.794098E-01  2.72060E+01
5.124891E-01  2.80783E+01
5.478508E-01  2.88164E+01
5.856525E-01  2.94368E+01
6.260625E-01  2.99511E+01
6.692609E-01  3.03708E+01
7.154399E-01  3.07066E+01
7.648052E-01  3.09681E+01
8.175768E-01  3.11690E+01
8.739896E-01  3.13124E+01
9.342948E-01  3.14130E+01
9.987612E-01  3.15546E+01
1.067676E+00  3.15036E+01
1.141345E+00  3.13758E+01
1.220098E+00  3.11577E+01
1.304285E+00  3.08513E+01
1.394281E+00  3.04446E+01
1.490486E+00  2.99032E+01
1.593329E+00  2.91497E+01
1.703269E+00  2.80062E+01
1.820795E+00  2.58874E+01
1.900808E+00  2.24478E+01
1.929902E+00  1.83841E+01
1.937660E+00  1.38390E+01
1.946430E+00  1.71473E+01
1.949298E+00  1.80907E+01
1.966664E+00  2.06160E+01
1.978392E+00  2.12315E+01
1.996766E+00  2.10047E+01
2.004793E+00  1.92132E+01
2.016834E+00  2.19144E+01
2.046936E+00  2.48433E+01
2.080733E+00  2.64766E+01
2.171974E+00  2.85735E+01
2.205219E+00  2.84259E+01
2.214084E+00  2.76147E+01
2.224304E+00  2.85604E+01
2.227382E+00  2.88147E+01
2.260626E+00  3.02095E+01
2.377781E+00  3.24386E+01
2.541848E+00  3.41917E+01
2.717235E+00  3.53853E+01
2.904724E+00  3.62474E+01
3.105150E+00  3.68987E+01
3.319406E+00  3.73400E+01
3.548445E+00  3.76486E+01
3.793288E+00  3.78686E+01
4.055024E+00  3.81720E+01
4.334821E+00  3.82552E+01
4.633924E+00  3.83309E+01
4.953664E+00  3.83224E+01
5.295467E+00  3.82855E+01
5.660855E+00  3.82285E+01
6.051453E+00  3.81577E+01
6.469004E+00  3.80780E+01
6.915365E+00  3.79926E+01
7.392525E+00  3.79036E+01
7.902609E+00  3.78125E+01
8.447890E+00  3.77216E+01
9.030794E+00  3.76321E+01
9.653919E+00  3.75290E+01
1.032004E+01  3.74095E+01
1.103212E+01  3.72732E+01
1.179334E+01  3.71160E+01
1.260708E+01  3.69268E+01
1.347697E+01  3.66805E+01
1.440688E+01  3.63115E+01
1.540095E+01  3.55442E+01
1.578251E+01  3.48227E+01
1.602408E+01  3.34696E+01
1.608850E+01  3.18377E+01
1.618512E+01  3.35041E+01
1.642669E+01  3.50109E+01
1.646362E+01  3.51310E+01
1.759961E+01  3.66899E+01
1.881398E+01  3.72957E+01
2.011215E+01  3.76587E+01
2.149988E+01  3.79092E+01
2.298338E+01  3.80799E+01
2.456923E+01  3.81970E+01
2.626450E+01  3.82782E+01
2.807676E+01  3.83342E+01
3.001405E+01  3.83668E+01
3.208502E+01  3.83854E+01
3.429889E+01  3.84267E+01
3.666551E+01  3.84218E+01
3.919543E+01  3.84101E+01
4.189992E+01  3.83941E+01
4.479101E+01  3.83754E+01
4.788159E+01  3.83551E+01
5.118542E+01  3.83340E+01
5.471721E+01  3.83126E+01
5.849270E+01  3.82914E+01
6.252870E+01  3.82709E+01
6.684318E+01  3.82512E+01
7.145536E+01  3.82327E+01
7.638578E+01  3.82149E+01
8.165640E+01  3.81983E+01
8.729069E+01  3.81818E+01
9.331374E+01  3.81662E+01
9.975239E+01  3.81515E+01
1.066353E+02  3.81379E+01
1.139931E+02  3.81252E+01
1.218587E+02  3.81136E+01
1.302669E+02  3.81029E+01
1.392553E+02  3.80931E+01
1.488640E+02  3.80841E+01
1.591356E+02  3.80759E+01
1.701159E+02  3.80684E+01
1.818539E+02  3.80617E+01
1.944018E+02  3.80555E+01
2.078156E+02  3.80499E+01
2.221548E+02  3.80449E+01
2.374835E+02  3.80403E+01
2.538699E+02  3.80362E+01
2.713869E+02  3.80324E+01
2.901126E+02  3.80291E+01
3.101304E+02  3.80261E+01
3.315294E+02  3.80233E+01
3.544049E+02  3.80209E+01
3.788588E+02  3.80187E+01
4.050001E+02  3.80167E+01
4.329451E+02  3.80149E+01