1.999950E-02  1.8720E+01
2.029800E-02  1.7971E+01
2.083314E-02  1.6728E+01
2.227063E-02  1.3904E+01
2.380730E-02  1.1221E+01
2.545001E-02  8.7811E+00
2.720606E-02  6.7384E+00
2.908327E-02  5.1194E+00
3.109002E-02  3.8813E+00
3.323523E-02  2.9556E+00
3.552846E-02  2.2723E+00
3.694600E-02  1.9596E+00
3.751150E-02  1.8527E+00
3.766230E-02  1.8257E+00
3.788850E-02  1.8292E+00
3.797993E-02  1.8141E+00
3.845400E-02  1.7391E+00
4.060054E-02  1.4601E+00
4.340198E-02  1.2070E+00
4.639671E-02  1.0266E+00
4.959809E-02  8.9863E-01
5.302035E-02  8.0874E-01
5.667876E-02  7.4641E-01
6.058959E-02  7.0405E-01
6.477028E-02  6.7615E-01
6.923942E-02  6.5872E-01
7.401695E-02  6.4890E-01
7.912411E-02  6.4464E-01
8.458368E-02  6.4464E-01
9.041995E-02  6.4796E-01
9.665893E-02  6.5373E-01
1.033284E-01  6.6129E-01
1.104581E-01  6.7015E-01
1.180797E-01  6.7994E-01
1.262272E-01  6.9034E-01
1.304380E-01  6.9558E-01
1.323000E-01  6.9786E-01
1.324345E-01  6.9802E-01
1.329669E-01  6.9867E-01
1.337655E-01  1.2472E+00
1.343250E-01  1.2706E+00
1.349368E-01  1.2972E+00
1.356750E-01  1.7037E+00
1.357620E-01  1.7101E+00
1.377000E-01  1.8615E+00
1.442475E-01  2.5308E+00
1.542005E-01  4.0874E+00
1.648404E-01  6.2297E+00
1.762144E-01  8.7792E+00
1.883732E-01  1.1466E+01
2.013709E-01  1.3995E+01
2.152655E-01  1.6122E+01
2.301188E-01  1.7700E+01
2.459970E-01  1.8678E+01
2.629708E-01  1.9087E+01
2.637180E-01  1.9093E+01
2.677545E-01  1.9110E+01
2.688309E-01  1.9110E+01
2.704455E-01  2.0693E+01
2.742040E-01  2.0703E+01
2.744820E-01  2.0703E+01
2.784010E-01  2.0694E+01
2.795202E-01  2.0688E+01
2.811158E-01  2.1367E+01
2.811990E-01  2.1367E+01
2.853960E-01  2.1343E+01
3.005128E-01  2.1135E+01
3.212482E-01  2.0620E+01
3.434143E-01  1.9892E+01
3.503500E-01  1.9644E+01
3.557125E-01  1.9448E+01
3.571425E-01  1.9395E+01
3.592875E-01  2.0165E+01
3.646500E-01  1.9968E+01
3.671099E-01  1.9876E+01
3.924405E-01  1.8928E+01
4.195189E-01  1.7932E+01
4.484657E-01  1.6918E+01
4.794098E-01  1.5907E+01
5.124891E-01  1.4913E+01
5.478508E-01  1.3946E+01
5.856525E-01  1.3007E+01
6.260625E-01  1.2102E+01
6.692609E-01  1.1236E+01
7.154399E-01  1.0413E+01
7.648052E-01  9.6331E+00
8.175768E-01  8.8989E+00
8.739896E-01  8.2102E+00
9.342948E-01  7.5663E+00
9.987612E-01  6.9663E+00
1.067676E+00  6.3301E+00
1.141345E+00  5.7183E+00
1.220098E+00  5.1566E+00
1.304285E+00  4.6569E+00
1.394281E+00  4.2117E+00
1.490486E+00  3.8117E+00
1.593329E+00  3.4528E+00
1.703269E+00  3.1320E+00
1.820795E+00  2.8448E+00
1.900808E+00  2.6757E+00
1.929902E+00  2.6188E+00
1.937660E+00  2.6040E+00
1.946430E+00  1.1304E+01
1.949298E+00  1.1275E+01
1.966664E+00  1.1103E+01
1.978392E+00  1.0989E+01
1.996766E+00  1.0815E+01
2.004793E+00  1.0740E+01
2.016834E+00  1.4918E+01
2.046936E+00  1.4547E+01
2.080733E+00  1.4159E+01
2.171974E+00  1.3212E+01
2.205219E+00  1.2897E+01
2.214084E+00  1.2815E+01
2.224304E+00  1.4635E+01
2.227382E+00  1.4605E+01
2.260626E+00  1.4284E+01
2.377781E+00  1.3260E+01
2.541848E+00  1.2045E+01
2.717235E+00  1.0915E+01
2.904724E+00  9.8856E+00
3.105150E+00  8.9071E+00
3.319406E+00  7.9961E+00
3.548445E+00  7.1843E+00
3.793288E+00  6.4604E+00
4.055024E+00  5.7885E+00
4.334821E+00  5.1674E+00
4.633924E+00  4.6063E+00
4.953664E+00  4.1044E+00
5.295467E+00  3.6580E+00
5.660855E+00  3.2608E+00
6.051453E+00  2.9094E+00
6.469004E+00  2.5983E+00
6.915365E+00  2.3221E+00
7.392525E+00  2.0766E+00
7.902609E+00  1.8587E+00
8.447890E+00  1.6649E+00
9.030794E+00  1.4831E+00
9.653919E+00  1.3088E+00
1.032004E+01  1.1512E+00
1.103212E+01  1.0135E+00
1.179334E+01  8.9312E-01
1.260708E+01  7.8780E-01
1.347697E+01  6.9556E-01
1.440688E+01  6.1469E-01
1.540095E+01  5.4374E-01
1.578251E+01  5.1994E-01
1.602408E+01  5.0573E-01
1.608850E+01  5.0204E-01
1.618512E+01  3.7145E+00
1.642669E+01  3.6075E+00
1.646362E+01  3.5915E+00
1.759961E+01  3.1809E+00
1.881398E+01  2.8540E+00
2.011215E+01  2.5703E+00
2.149988E+01  2.3100E+00
2.298338E+01  2.0662E+00
2.456923E+01  1.8459E+00
2.626450E+01  1.6484E+00
2.807676E+01  1.4669E+00
3.001405E+01  1.3039E+00
3.208502E+01  1.1592E+00
3.429889E+01  1.0241E+00
3.666551E+01  9.0457E-01
3.919543E+01  7.9901E-01
4.189992E+01  7.0582E-01
4.479101E+01  6.2346E-01
4.788159E+01  5.5068E-01
5.118542E+01  4.8613E-01
5.471721E+01  4.2918E-01
5.849270E+01  3.7893E-01
6.252870E+01  3.3458E-01
6.684318E+01  2.9544E-01
7.145536E+01  2.6046E-01
7.638578E+01  2.2893E-01
8.165640E+01  2.0103E-01
8.729069E+01  1.7615E-01
9.331374E+01  1.5436E-01
9.975239E+01  1.3527E-01
1.066353E+02  1.1855E-01
1.139931E+02  1.0389E-01
1.218587E+02  9.1057E-02
1.302669E+02  7.9809E-02
1.392553E+02  6.9953E-02
1.488640E+02  6.1317E-02
1.591356E+02  5.3749E-02
1.701159E+02  4.7116E-02
1.818539E+02  4.1304E-02
1.944018E+02  3.6210E-02
2.078156E+02  3.1745E-02
2.221548E+02  2.7832E-02
2.374835E+02  2.4401E-02
2.538699E+02  2.1395E-02
2.713869E+02  1.8759E-02
2.901126E+02  1.6449E-02
3.101304E+02  1.4423E-02
3.315294E+02  1.2647E-02
3.544049E+02  1.1091E-02
3.788588E+02  9.7258E-03
4.050001E+02  8.5292E-03
4.329451E+02  7.4800E-03