5.728500E-03  1.1669E+00
5.814000E-03  1.1599E+00
1.069000E-02  2.5477E+00
1.142761E-02  2.8946E+00
1.221612E-02  3.2454E+00
1.305903E-02  3.5808E+00
1.396010E-02  3.8799E+00
1.492335E-02  4.1228E+00
1.595306E-02  4.2927E+00
1.705382E-02  4.3785E+00
1.823053E-02  4.3754E+00
1.948844E-02  4.2858E+00
2.083314E-02  4.1184E+00
2.227063E-02  3.8864E+00
2.380730E-02  3.6051E+00
2.450000E-02  3.4725E+00
2.487500E-02  3.4002E+00
2.497500E-02  3.3809E+00
2.512500E-02  4.0323E+00
2.545001E-02  3.9475E+00
2.550000E-02  3.9346E+00
2.720606E-02  3.5119E+00
2.908327E-02  3.1071E+00
3.109002E-02  2.7577E+00
3.323523E-02  2.4597E+00
3.552846E-02  2.2126E+00
3.567200E-02  2.1993E+00
3.621800E-02  2.1510E+00
3.636360E-02  2.1387E+00
3.658200E-02  8.1125E+00
3.712800E-02  7.8708E+00
3.797993E-02  7.5184E+00
4.060054E-02  6.5983E+00
4.340198E-02  5.7736E+00
4.400200E-02  5.6160E+00
4.467550E-02  5.4478E+00
4.485510E-02  5.4045E+00
4.512450E-02  8.2372E+00
4.579800E-02  8.0408E+00
4.639671E-02  7.8751E+00
4.959809E-02  7.1262E+00
5.302035E-02  6.4845E+00
5.667876E-02  5.9403E+00
6.058959E-02  5.5463E+00
6.477028E-02  5.3333E+00
6.923942E-02  5.3146E+00
6.967800E-02  5.3230E+00
7.074450E-02  5.3504E+00
7.102890E-02  5.3593E+00
7.145550E-02  5.4288E+00
7.252200E-02  5.4730E+00
7.401695E-02  5.5495E+00
7.912411E-02  5.9225E+00
8.458368E-02  6.4758E+00
9.041995E-02  7.1961E+00
9.665893E-02  8.0678E+00
1.0000000E-01  8.5641E+00
1.0050000E-01  8.6395E+00
1.0100250E-01  8.7155E+00
1.0150751E-01  8.7918E+00
1.0201505E-01  8.8686E+00
1.0252513E-01  8.9457E+00
1.0303775E-01  9.0233E+00
1.0355294E-01  9.1013E+00
1.0407070E-01  9.1796E+00
1.0459106E-01  9.2583E+00
1.0511401E-01  9.3373E+00
1.0563958E-01  9.4166E+00
1.0616778E-01  9.4962E+00
1.0669862E-01  9.5762E+00
1.0723211E-01  9.6566E+00
1.0776827E-01  9.7375E+00
1.0830712E-01  9.8187E+00
1.0884865E-01  9.9001E+00
1.0939289E-01  9.9818E+00
1.0993986E-01  1.0064E+01
1.1048956E-01  1.0146E+01
1.1104201E-01  1.0228E+01
1.1159722E-01  1.0310E+01
1.1215520E-01  1.0393E+01
1.1271598E-01  1.0476E+01
1.1327956E-01  1.0559E+01
1.1384596E-01  1.0642E+01
1.1441519E-01  1.0725E+01
1.1498726E-01  1.0808E+01
1.1556220E-01  1.0891E+01
1.1614001E-01  1.0974E+01
1.1672071E-01  1.1058E+01
1.1730431E-01  1.1141E+01
1.1789083E-01  1.1225E+01
1.1848029E-01  1.1308E+01
1.1907269E-01  1.1391E+01
1.1966805E-01  1.1475E+01
1.2026639E-01  1.1558E+01
1.2086772E-01  1.1642E+01
1.2147206E-01  1.1725E+01
1.2207942E-01  1.1808E+01
1.2268982E-01  1.1891E+01
1.2330327E-01  1.1975E+01
1.2391979E-01  1.2058E+01
1.2453939E-01  1.2141E+01
1.2516208E-01  1.2223E+01
1.2578789E-01  1.2306E+01
1.2641683E-01  1.2388E+01
1.2704892E-01  1.2471E+01
1.2768416E-01  1.2553E+01
1.2832258E-01  1.2635E+01
1.2896419E-01  1.2717E+01
1.2960902E-01  1.2799E+01
1.3025706E-01  1.2880E+01
1.3090835E-01  1.2961E+01
1.3156289E-01  1.3042E+01
1.3222070E-01  1.3123E+01
1.3288181E-01  1.3203E+01
1.3354621E-01  1.3284E+01
1.3421395E-01  1.3364E+01
1.3488502E-01  1.3443E+01
1.3555944E-01  1.3523E+01
1.3623724E-01  1.3602E+01
1.3691842E-01  1.3681E+01
1.3760302E-01  1.3759E+01
1.3829103E-01  1.3837E+01
1.3898249E-01  1.3915E+01
1.3967740E-01  1.3993E+01
1.4037579E-01  1.4070E+01
1.4107766E-01  1.4147E+01
1.4178305E-01  1.4223E+01
1.4249197E-01  1.4299E+01
1.4320443E-01  1.4375E+01
1.4392045E-01  1.4450E+01
1.4464005E-01  1.4525E+01
1.4536325E-01  1.4600E+01
1.4609007E-01  1.4674E+01
1.4682052E-01  1.4747E+01
1.4755462E-01  1.4821E+01
1.4829239E-01  1.4893E+01
1.4903386E-01  1.4966E+01
1.4977903E-01  1.5038E+01
1.5052792E-01  1.5109E+01
1.5128056E-01  1.5180E+01
1.5203696E-01  1.5251E+01
1.5279715E-01  1.5321E+01
1.5356113E-01  1.5391E+01
1.5432894E-01  1.5460E+01
1.5510058E-01  1.5529E+01
1.5587609E-01  1.5597E+01
1.5665547E-01  1.5664E+01
1.5743875E-01  1.5732E+01
1.5822594E-01  1.5798E+01
1.5901707E-01  1.5865E+01
1.5981215E-01  1.5930E+01
1.6061121E-01  1.5996E+01
1.6141427E-01  1.6060E+01
1.6222134E-01  1.6125E+01
1.6303245E-01  1.6188E+01
1.6384761E-01  1.6251E+01
1.6466685E-01  1.6314E+01
1.6549018E-01  1.6376E+01
1.6631763E-01  1.6438E+01
1.6714922E-01  1.6499E+01
1.6798497E-01  1.6559E+01
1.6882489E-01  1.6619E+01
1.6966902E-01  1.6679E+01
1.7051736E-01  1.6737E+01
1.7136995E-01  1.6796E+01
1.7222680E-01  1.6854E+01
1.7308793E-01  1.6911E+01
1.7395337E-01  1.6967E+01
1.7482314E-01  1.7024E+01
1.7569726E-01  1.7079E+01
1.7657574E-01  1.7134E+01
1.7745862E-01  1.7189E+01
1.7834591E-01  1.7243E+01
1.7923764E-01  1.7296E+01
1.8013383E-01  1.7349E+01
1.8103450E-01  1.7401E+01
1.8193967E-01  1.7453E+01
1.8284937E-01  1.7504E+01
1.8376362E-01  1.7554E+01
1.8468244E-01  1.7604E+01
1.8560585E-01  1.7654E+01
1.8653388E-01  1.7703E+01
1.8746655E-01  1.7751E+01
1.8840388E-01  1.7799E+01
1.8934590E-01  1.7846E+01
1.9029263E-01  1.7893E+01
1.9124409E-01  1.7939E+01
1.9220031E-01  1.7984E+01
1.9316131E-01  1.8030E+01
1.9412712E-01  1.8074E+01
1.9509776E-01  1.8118E+01
1.9607325E-01  1.8161E+01
1.9705361E-01  1.8204E+01
1.9803888E-01  1.8247E+01
1.9902907E-01  1.8288E+01
2.0002422E-01  1.8330E+01
2.0102434E-01  1.8370E+01
2.0202946E-01  1.8410E+01
2.0303961E-01  1.8450E+01
2.0405481E-01  1.8489E+01
2.0507508E-01  1.8528E+01
2.0610046E-01  1.8566E+01
2.0713096E-01  1.8603E+01
2.0816661E-01  1.8640E+01
2.0920745E-01  1.8677E+01
2.1025348E-01  1.8713E+01
2.1130475E-01  1.8748E+01
2.1236128E-01  1.8783E+01
2.1342308E-01  1.8818E+01
2.1449020E-01  1.8852E+01
2.1556265E-01  1.8885E+01
2.1664046E-01  1.8918E+01
2.1772366E-01  1.8951E+01
2.1881228E-01  1.8983E+01
2.1990634E-01  1.9014E+01
2.2100588E-01  1.9045E+01
2.2211090E-01  1.9076E+01
2.2322146E-01  1.9106E+01
2.2433757E-01  1.9136E+01
2.2545925E-01  1.9165E+01
2.2658655E-01  1.9194E+01
2.2771948E-01  1.9222E+01
2.2885808E-01  1.9250E+01
2.2912551E-01  1.9256E+01
2.2947450E-01  2.0798E+01
2.3000237E-01  2.0801E+01
2.3115238E-01  2.0809E+01
2.3230814E-01  2.0816E+01
2.3346969E-01  2.0822E+01
2.3463703E-01  2.0829E+01
2.3581022E-01  2.0836E+01
2.3698927E-01  2.0842E+01
2.3817422E-01  2.0848E+01
2.3936509E-01  2.0854E+01
2.4056191E-01  2.0860E+01
2.4111348E-01  2.0862E+01
2.4148653E-01  2.1999E+01
2.4176472E-01  2.1997E+01
2.4297355E-01  2.1985E+01
2.4418841E-01  2.1974E+01
2.4540936E-01  2.1963E+01
2.4663640E-01  2.1951E+01
2.4786959E-01  2.1940E+01
2.4910893E-01  2.1929E+01
2.5035448E-01  2.1918E+01
2.5160625E-01  2.1907E+01
2.5286428E-01  2.1895E+01
2.5412860E-01  2.1875E+01
2.5539925E-01  2.1856E+01
2.5667624E-01  2.1837E+01
2.5795962E-01  2.1819E+01
2.5924942E-01  2.1801E+01
2.6054567E-01  2.1784E+01
2.6184840E-01  2.1767E+01
2.6315764E-01  2.1743E+01
2.6447343E-01  2.1719E+01
2.6579579E-01  2.1696E+01
2.6712477E-01  2.1673E+01
2.6846040E-01  2.1650E+01
2.6980270E-01  2.1629E+01
2.7115171E-01  2.1608E+01
2.7250747E-01  2.1587E+01
2.7387001E-01  2.1567E+01
2.7523936E-01  2.1548E+01
2.7661556E-01  2.1529E+01
2.7799863E-01  2.1510E+01
2.7938863E-01  2.1492E+01
2.8078557E-01  2.1474E+01
2.8218950E-01  2.1457E+01
2.8360044E-01  2.1439E+01
2.8501845E-01  2.1422E+01
2.8644354E-01  2.1406E+01
2.8787576E-01  2.1389E+01
2.8931514E-01  2.1373E+01
2.9076171E-01  2.1357E+01
2.9221552E-01  2.1341E+01
2.9367660E-01  2.1325E+01
2.9514498E-01  2.1309E+01
2.9662071E-01  2.1294E+01
2.9810381E-01  2.1278E+01
2.9959433E-01  2.1263E+01
3.0109230E-01  2.1248E+01
3.0259776E-01  2.1233E+01
3.0411075E-01  2.1218E+01
3.0563130E-01  2.1203E+01
3.0715946E-01  2.1188E+01
3.0869526E-01  2.1173E+01
3.1023873E-01  2.1159E+01
3.1178993E-01  2.1144E+01
3.1334888E-01  2.1129E+01
3.1491562E-01  2.1115E+01
3.1649020E-01  2.1100E+01
3.1807265E-01  2.1086E+01
3.1966301E-01  2.1071E+01
3.2126133E-01  2.1057E+01
3.2286764E-01  2.1043E+01
3.2448197E-01  2.1028E+01
3.2610438E-01  2.1014E+01
3.2773491E-01  2.1000E+01
3.2937358E-01  2.0986E+01
3.3102045E-01  2.0971E+01
3.3267555E-01  2.0957E+01
3.3433893E-01  2.0943E+01
3.3601062E-01  2.0929E+01
3.3769068E-01  2.0915E+01
3.3937913E-01  2.0901E+01
3.4107602E-01  2.0887E+01
3.4278140E-01  2.0873E+01
3.4449531E-01  2.0859E+01
3.4621779E-01  2.0845E+01
3.4794888E-01  2.0832E+01
3.4968862E-01  2.0818E+01
3.5143706E-01  2.0804E+01
3.5319425E-01  2.0791E+01
3.5496022E-01  2.0777E+01
3.5673502E-01  2.0764E+01
3.5851870E-01  2.0750E+01
3.6031129E-01  2.0737E+01
3.6211285E-01  2.0723E+01
3.6392341E-01  2.0710E+01
3.6574303E-01  2.0697E+01
3.6757174E-01  2.0684E+01
3.6940960E-01  2.0670E+01
3.7125665E-01  2.0657E+01
3.7311293E-01  2.0644E+01
3.7497850E-01  2.0631E+01
3.7685339E-01  2.0619E+01
3.7873766E-01  2.0606E+01
3.8063135E-01  2.0593E+01
3.8253450E-01  2.0580E+01
3.8444718E-01  2.0568E+01
3.8636941E-01  2.0555E+01
3.8830126E-01  2.0543E+01
3.9024276E-01  2.0531E+01
3.9219398E-01  2.0518E+01
3.9415495E-01  2.0506E+01
3.9612572E-01  2.0494E+01
3.9810635E-01  2.0482E+01
4.0009688E-01  2.0470E+01
4.0209737E-01  2.0458E+01
4.0397820E-01  2.0447E+01
4.0410785E-01  2.0446E+01
4.0502181E-01  2.1823E+01
4.0612839E-01  2.1819E+01
4.0815904E-01  2.1811E+01
4.1019983E-01  2.1803E+01
4.1225083E-01  2.1795E+01
4.1431208E-01  2.1788E+01
4.1638364E-01  2.1780E+01
4.1846556E-01  2.1772E+01
4.2055789E-01  2.1765E+01
4.2266068E-01  2.1757E+01
4.2477398E-01  2.1750E+01
4.2689785E-01  2.1743E+01
4.2903234E-01  2.1736E+01
4.3117750E-01  2.1729E+01
4.3333339E-01  2.1721E+01
4.3550006E-01  2.1714E+01
4.3767756E-01  2.1707E+01
4.3986595E-01  2.1701E+01
4.4206528E-01  2.1694E+01
4.4427560E-01  2.1687E+01
4.4649698E-01  2.1680E+01
4.4872947E-01  2.1673E+01
4.5097311E-01  2.1667E+01
4.5322798E-01  2.1660E+01
4.5549412E-01  2.1653E+01
4.5777159E-01  2.1647E+01
4.6006045E-01  2.1640E+01
4.6236075E-01  2.1633E+01
4.6412139E-01  2.1628E+01
4.6467255E-01  2.1627E+01
4.6547861E-01  2.1972E+01
4.6699592E-01  2.1969E+01
4.6933090E-01  2.1964E+01
4.7167755E-01  2.1915E+01
4.7403594E-01  2.1864E+01
4.7640612E-01  2.1813E+01
4.7878815E-01  2.1762E+01
4.8118209E-01  2.1712E+01
4.8358800E-01  2.1661E+01
4.8600594E-01  2.1610E+01
4.8843597E-01  2.1559E+01
4.9087815E-01  2.1509E+01
4.9333254E-01  2.1458E+01
4.9579920E-01  2.1407E+01
4.9827820E-01  2.1357E+01
5.0076959E-01  2.1306E+01
5.0327344E-01  2.1256E+01
5.0578980E-01  2.1205E+01
5.0831875E-01  2.1154E+01
5.1086035E-01  2.1104E+01
5.1341465E-01  2.1054E+01
5.1598172E-01  2.1003E+01
5.1856163E-01  2.0953E+01
5.2115444E-01  2.0902E+01
5.2376021E-01  2.0852E+01
5.2637901E-01  2.0801E+01
5.2901091E-01  2.0751E+01
5.3165596E-01  2.0701E+01
5.3431424E-01  2.0650E+01
5.3698581E-01  2.0600E+01
5.3967074E-01  2.0549E+01
5.4236910E-01  2.0499E+01
5.4508094E-01  2.0448E+01
5.4780635E-01  2.0398E+01
5.5054538E-01  2.0347E+01
5.5329810E-01  2.0297E+01
5.5606460E-01  2.0246E+01
5.5884492E-01  2.0196E+01
5.6163914E-01  2.0145E+01
5.6444734E-01  2.0095E+01
5.6457826E-01  2.0092E+01
5.6642179E-01  2.0590E+01
5.6726958E-01  2.0575E+01
5.7010592E-01  2.0525E+01
5.7295645E-01  2.0475E+01
5.7582123E-01  2.0425E+01
5.7870034E-01  2.0375E+01
5.8159384E-01  2.0325E+01
5.8450181E-01  2.0275E+01
5.8742432E-01  2.0225E+01
5.9036144E-01  2.0175E+01
5.9331325E-01  2.0125E+01
5.9627982E-01  2.0074E+01
5.9926122E-01  2.0024E+01
6.0225752E-01  1.9973E+01
6.0526881E-01  1.9923E+01
6.0829515E-01  1.9872E+01
6.1133663E-01  1.9822E+01
6.1439331E-01  1.9771E+01
6.1746528E-01  1.9720E+01
6.2055260E-01  1.9669E+01
6.2365537E-01  1.9619E+01
6.2677364E-01  1.9568E+01
6.2990751E-01  1.9516E+01
6.3305705E-01  1.9465E+01
6.3622234E-01  1.9414E+01
6.3940345E-01  1.9363E+01
6.4260046E-01  1.9311E+01
6.4581347E-01  1.9259E+01
6.4904253E-01  1.9208E+01
6.5228775E-01  1.9156E+01
6.5554919E-01  1.9104E+01
6.5882693E-01  1.9052E+01
6.6212107E-01  1.9000E+01
6.6543167E-01  1.8948E+01
6.6875883E-01  1.8895E+01
6.7210262E-01  1.8843E+01
6.7546314E-01  1.8790E+01
6.7884045E-01  1.8738E+01
6.8223466E-01  1.8685E+01
6.8564583E-01  1.8632E+01
6.8907406E-01  1.8579E+01
6.9251943E-01  1.8526E+01
6.9598202E-01  1.8472E+01
6.9946194E-01  1.8419E+01
7.0295924E-01  1.8365E+01
7.0647404E-01  1.8312E+01
7.1000641E-01  1.8258E+01
7.1355644E-01  1.8204E+01
7.1712423E-01  1.8150E+01
7.2070985E-01  1.8096E+01
7.2431340E-01  1.8042E+01
7.2793496E-01  1.7988E+01
7.3157464E-01  1.7933E+01
7.3523251E-01  1.7879E+01
7.3890867E-01  1.7824E+01
7.4260322E-01  1.7770E+01
7.4631623E-01  1.7715E+01
7.5004781E-01  1.7660E+01
7.5379805E-01  1.7605E+01
7.5756704E-01  1.7550E+01
7.6135488E-01  1.7495E+01
7.6516165E-01  1.7440E+01
7.6898746E-01  1.7385E+01
7.7283240E-01  1.7329E+01
7.7669656E-01  1.7274E+01
7.8058004E-01  1.7219E+01
7.8448294E-01  1.7163E+01
7.8840536E-01  1.7107E+01
7.9234738E-01  1.7051E+01
7.9630912E-01  1.6995E+01
8.0029067E-01  1.6938E+01
8.0429212E-01  1.6882E+01
8.0831358E-01  1.6825E+01
8.1235515E-01  1.6769E+01
8.1641693E-01  1.6712E+01
8.2049901E-01  1.6656E+01
8.2460150E-01  1.6599E+01
8.2872451E-01  1.6542E+01
8.3286813E-01  1.6485E+01
8.3703248E-01  1.6428E+01
8.4121764E-01  1.6371E+01
8.4542373E-01  1.6314E+01
8.4965084E-01  1.6257E+01
8.5389910E-01  1.6200E+01
8.5816859E-01  1.6143E+01
8.6245944E-01  1.6086E+01
8.6677173E-01  1.6029E+01
8.7110559E-01  1.5971E+01
8.7546112E-01  1.5914E+01
8.7983843E-01  1.5857E+01
8.8423762E-01  1.5799E+01
8.8865881E-01  1.5742E+01
8.9310210E-01  1.5685E+01
8.9756761E-01  1.5627E+01
9.0205545E-01  1.5570E+01
9.0656573E-01  1.5513E+01
9.1109856E-01  1.5455E+01
9.1565405E-01  1.5398E+01
9.2023232E-01  1.5341E+01
9.2483348E-01  1.5283E+01
9.2945765E-01  1.5226E+01
9.3410494E-01  1.5169E+01
9.3877546E-01  1.5111E+01
9.4346934E-01  1.5054E+01
9.4818668E-01  1.4996E+01
9.5292762E-01  1.4939E+01
9.5769226E-01  1.4882E+01
9.6248072E-01  1.4824E+01
9.6729312E-01  1.4767E+01
9.7212959E-01  1.4709E+01
9.7699023E-01  1.4652E+01
9.8187519E-01  1.4595E+01
9.8678456E-01  1.4538E+01
9.9171848E-01  1.4481E+01
9.9667708E-01  1.4424E+01
1.0016605E+00  1.4355E+01
1.0066688E+00  1.4260E+01
1.0117021E+00  1.4166E+01
1.0167606E+00  1.4073E+01
1.0218444E+00  1.3980E+01
1.0269536E+00  1.3888E+01
1.0320884E+00  1.3798E+01
1.0372489E+00  1.3707E+01
1.0424351E+00  1.3618E+01
1.0476473E+00  1.3530E+01
1.0528855E+00  1.3442E+01
1.0581499E+00  1.3355E+01
1.0634407E+00  1.3268E+01
1.0687579E+00  1.3183E+01
1.0741017E+00  1.3098E+01
1.0794722E+00  1.3014E+01
1.0848695E+00  1.2930E+01
1.0902939E+00  1.2848E+01
1.0957454E+00  1.2766E+01
1.1012241E+00  1.2685E+01
1.1067302E+00  1.2604E+01
1.1122639E+00  1.2524E+01
1.1178252E+00  1.2445E+01
1.1234143E+00  1.2366E+01
1.1290314E+00  1.2288E+01
1.1346765E+00  1.2211E+01
1.1403499E+00  1.2134E+01
1.1460517E+00  1.2058E+01
1.1517819E+00  1.1983E+01
1.1575408E+00  1.1908E+01
1.1633285E+00  1.1834E+01
1.1691452E+00  1.1761E+01
1.1749909E+00  1.1688E+01
1.1808659E+00  1.1616E+01
1.1867702E+00  1.1544E+01
1.1927040E+00  1.1473E+01
1.1986676E+00  1.1402E+01
1.2046609E+00  1.1332E+01
1.2106842E+00  1.1263E+01
1.2167376E+00  1.1194E+01
1.2228213E+00  1.1126E+01
1.2289354E+00  1.1058E+01
1.2350801E+00  1.0991E+01
1.2412555E+00  1.0925E+01
1.2474618E+00  1.0859E+01
1.2536991E+00  1.0793E+01
1.2599676E+00  1.0728E+01
1.2662674E+00  1.0664E+01
1.2725988E+00  1.0600E+01
1.2789618E+00  1.0536E+01
1.2853566E+00  1.0473E+01
1.2917833E+00  1.0411E+01
1.2982423E+00  1.0349E+01
1.3047335E+00  1.0288E+01
1.3112571E+00  1.0227E+01
1.3178134E+00  1.0166E+01
1.3244025E+00  1.0106E+01
1.3310245E+00  1.0047E+01
1.3376796E+00  9.9880E+00
1.3443680E+00  9.9294E+00
1.3510899E+00  9.8713E+00
1.3578453E+00  9.8137E+00
1.3646345E+00  9.7565E+00
1.3714577E+00  9.6997E+00
1.3783150E+00  9.6434E+00
1.3852066E+00  9.5875E+00
1.3921326E+00  9.5321E+00
1.3990933E+00  9.4771E+00
1.4060887E+00  9.4226E+00
1.4131192E+00  9.3684E+00
1.4201848E+00  9.3147E+00
1.4272857E+00  9.2614E+00
1.4344221E+00  9.2086E+00
1.4415942E+00  9.1561E+00
1.4488022E+00  9.1040E+00
1.4560462E+00  9.0524E+00
1.4633265E+00  9.0011E+00
1.4706431E+00  8.9502E+00
1.4779963E+00  8.8998E+00
1.4853863E+00  8.8497E+00
1.4928132E+00  8.8000E+00
1.5002773E+00  8.7507E+00
1.5077787E+00  8.7017E+00
1.5153176E+00  8.6532E+00
1.5228942E+00  8.6050E+00
1.5305086E+00  8.5571E+00
1.5381612E+00  8.5097E+00
1.5458520E+00  8.4626E+00
1.5535812E+00  8.4158E+00
1.5613491E+00  8.3694E+00
1.5691559E+00  8.3234E+00
1.5770017E+00  8.2777E+00
1.5848867E+00  8.2324E+00
1.5928111E+00  8.1874E+00
1.6007752E+00  8.1427E+00
1.6087790E+00  8.0984E+00
1.6168229E+00  8.0544E+00
1.6249070E+00  8.0094E+00
1.6330316E+00  7.9646E+00
1.6411967E+00  7.9201E+00
1.6494027E+00  7.8760E+00
1.6576497E+00  7.8322E+00
1.6659380E+00  7.7887E+00
1.6742677E+00  7.7455E+00
1.6826390E+00  7.7027E+00
1.6910522E+00  7.6602E+00
1.6995075E+00  7.6180E+00
1.7080050E+00  7.5761E+00
1.7165450E+00  7.5346E+00
1.7251278E+00  7.4933E+00
1.7337534E+00  7.4524E+00
1.7347877E+00  7.4475E+00
1.7354123E+00  2.5774E+01
1.7424222E+00  2.5625E+01
1.7511343E+00  2.5441E+01
1.7598899E+00  2.5259E+01
1.7686894E+00  2.5078E+01
1.7775328E+00  2.4899E+01
1.7864205E+00  2.4721E+01
1.7926172E+00  2.4598E+01
1.7937828E+00  3.6635E+01
1.7953526E+00  3.6588E+01
1.8043294E+00  3.6322E+01
1.8133510E+00  3.6057E+01
1.8224178E+00  3.5794E+01
1.8315299E+00  3.5534E+01
1.8406875E+00  3.5275E+01
1.8498909E+00  3.5019E+01
1.8591404E+00  3.4764E+01
1.8684361E+00  3.4510E+01
1.8777783E+00  3.4259E+01
1.8871672E+00  3.4009E+01
1.8966030E+00  3.3761E+01
1.9060860E+00  3.3515E+01
1.9156165E+00  3.3271E+01
1.9251945E+00  3.3029E+01
1.9348205E+00  3.2788E+01
1.9444946E+00  3.2550E+01
1.9542171E+00  3.2313E+01
1.9639882E+00  3.2078E+01
1.9738081E+00  3.1845E+01
1.9836772E+00  3.1614E+01
1.9935955E+00  3.1384E+01
2.0035635E+00  3.1157E+01
2.0135813E+00  3.0931E+01
2.0236492E+00  3.0706E+01
2.0337675E+00  3.0484E+01
2.0439363E+00  3.0263E+01
2.0541560E+00  3.0043E+01
2.0644268E+00  2.9826E+01
2.0747489E+00  2.9610E+01
2.0851227E+00  2.9396E+01
2.0955483E+00  2.9183E+01
2.1060260E+00  2.8972E+01
2.1165562E+00  2.8763E+01
2.1271389E+00  2.8555E+01
2.1377746E+00  2.8349E+01
2.1484635E+00  2.8144E+01
2.1592058E+00  2.7941E+01
2.1700018E+00  2.7740E+01
2.1808519E+00  2.7540E+01
2.1917561E+00  2.7341E+01
2.1963695E+00  3.2008E+01
2.2027149E+00  3.1866E+01
2.2137285E+00  3.1621E+01
2.2247971E+00  3.1377E+01
2.2359211E+00  3.1136E+01
2.2471007E+00  3.0897E+01
2.2583362E+00  3.0658E+01
2.2696279E+00  3.0416E+01
2.2809760E+00  3.0176E+01
2.2923809E+00  2.9937E+01
2.3038428E+00  2.9704E+01
2.3153620E+00  2.9489E+01
2.3269388E+00  2.9278E+01
2.3385735E+00  2.9066E+01
2.3502664E+00  2.8856E+01
2.3620177E+00  2.8648E+01
2.3738278E+00  2.8442E+01
2.3856970E+00  2.8239E+01
2.3976254E+00  2.8038E+01
2.4096136E+00  2.7840E+01
2.4216616E+00  2.7643E+01
2.4337699E+00  2.7449E+01
2.4459388E+00  2.7256E+01
2.4581685E+00  2.7066E+01
2.4657375E+00  2.6949E+01
2.4704593E+00  2.8778E+01
2.4716624E+00  2.8758E+01
2.4828116E+00  2.8566E+01
2.4952257E+00  2.8356E+01
2.5077018E+00  2.8148E+01
2.5202403E+00  2.7942E+01
2.5328415E+00  2.7738E+01
2.5455057E+00  2.7536E+01
2.5582333E+00  2.7335E+01
2.5710244E+00  2.7137E+01
2.5838796E+00  2.6940E+01
2.5967990E+00  2.6752E+01
2.6097829E+00  2.6572E+01
2.6228319E+00  2.6395E+01
2.6359460E+00  2.6220E+01
2.6491257E+00  2.6047E+01
2.6623714E+00  2.5876E+01
2.6756832E+00  2.5707E+01
2.6890617E+00  2.5540E+01
2.7025070E+00  2.5375E+01
2.7027735E+00  2.5372E+01
2.7132264E+00  2.6390E+01
2.7160195E+00  2.6356E+01
2.7295996E+00  2.6190E+01
2.7432476E+00  2.6026E+01
2.7569638E+00  2.5863E+01
2.7707486E+00  2.5701E+01
2.7846024E+00  2.5541E+01
2.7985254E+00  2.5382E+01
2.8125180E+00  2.5224E+01
2.8265806E+00  2.5067E+01
2.8407135E+00  2.4911E+01
2.8549171E+00  2.4757E+01
2.8691917E+00  2.4602E+01
2.8835376E+00  2.4448E+01
2.8979553E+00  2.4295E+01
2.9124451E+00  2.4144E+01
2.9270073E+00  2.3993E+01
2.9416424E+00  2.3843E+01
2.9563506E+00  2.3695E+01
2.9711323E+00  2.3547E+01
2.9859880E+00  2.3400E+01
3.0009179E+00  2.3253E+01
3.0159225E+00  2.3086E+01
3.0310021E+00  2.2921E+01
3.0461571E+00  2.2756E+01
3.0613879E+00  2.2593E+01
3.0766949E+00  2.2430E+01
3.0920783E+00  2.2269E+01
3.1075387E+00  2.2109E+01
3.1230764E+00  2.1950E+01
3.1386918E+00  2.1793E+01
3.1543853E+00  2.1636E+01
3.1701572E+00  2.1481E+01
3.1860080E+00  2.1326E+01
3.2019380E+00  2.1173E+01
3.2179477E+00  2.1020E+01
3.2340374E+00  2.0868E+01
3.2502076E+00  2.0717E+01
3.2664587E+00  2.0567E+01
3.2827910E+00  2.0418E+01
3.2992049E+00  2.0271E+01
3.3157009E+00  2.0124E+01
3.3322794E+00  1.9979E+01
3.3489408E+00  1.9835E+01
3.3656856E+00  1.9692E+01
3.3825140E+00  1.9550E+01
3.3994265E+00  1.9409E+01
3.4164237E+00  1.9270E+01
3.4335058E+00  1.9131E+01
3.4506733E+00  1.8994E+01
3.4679267E+00  1.8858E+01
3.4852663E+00  1.8716E+01
3.5026927E+00  1.8574E+01
3.5202061E+00  1.8434E+01
3.5378072E+00  1.8294E+01
3.5554962E+00  1.8156E+01
3.5732737E+00  1.8018E+01
3.5911400E+00  1.7881E+01
3.6090957E+00  1.7741E+01
3.6271412E+00  1.7603E+01
3.6452769E+00  1.7466E+01
3.6635033E+00  1.7330E+01
3.6818208E+00  1.7195E+01
3.7002299E+00  1.7061E+01
3.7187311E+00  1.6929E+01
3.7373247E+00  1.6798E+01
3.7560114E+00  1.6668E+01
3.7747914E+00  1.6540E+01
3.7936654E+00  1.6412E+01
3.8126337E+00  1.6286E+01
3.8316969E+00  1.6161E+01
3.8508554E+00  1.6037E+01
3.8701096E+00  1.5914E+01
3.8894602E+00  1.5792E+01
3.9089075E+00  1.5672E+01
3.9284520E+00  1.5552E+01
3.9480943E+00  1.5434E+01
3.9678347E+00  1.5317E+01
3.9876739E+00  1.5200E+01
4.055024E+00  1.4818E+01
4.334821E+00  1.3402E+01
4.633924E+00  1.2084E+01
4.953664E+00  1.0900E+01
5.295467E+00  9.8206E+00
5.660855E+00  8.8550E+00
6.051453E+00  7.9928E+00
6.469004E+00  7.2248E+00
6.915365E+00  6.5400E+00
7.392525E+00  5.9283E+00
7.902609E+00  5.3635E+00
8.447890E+00  4.8481E+00
9.030794E+00  4.3729E+00
9.653919E+00  3.8954E+00
9.683478E+00  3.8744E+00
9.831694E+00  3.7718E+00
9.871219E+00  3.7453E+00
9.930505E+00  1.0348E+01
1.007872E+01  1.0006E+01
1.032004E+01  9.4836E+00
1.091338E+01  8.5087E+00
1.103212E+01  8.3416E+00
1.108042E+01  8.2758E+00
1.112496E+01  8.2160E+00
1.119178E+01  1.1357E+01
1.135882E+01  1.1070E+01
1.144787E+01  1.0923E+01
1.162309E+01  1.0644E+01
1.166982E+01  1.0572E+01
1.173991E+01  1.2137E+01
1.179334E+01  1.2053E+01
1.191513E+01  1.1867E+01
1.260708E+01  1.0898E+01
1.347697E+01  9.8172E+00
1.440688E+01  8.8261E+00
1.540095E+01  7.9175E+00
1.646362E+01  7.0951E+00
1.759961E+01  6.3589E+00
1.881398E+01  5.7019E+00
2.011215E+01  5.1142E+00
2.149988E+01  4.5840E+00
2.298338E+01  4.1096E+00
2.456923E+01  3.6801E+00
2.626450E+01  3.2969E+00
2.807676E+01  2.9320E+00
3.001405E+01  2.6027E+00
3.208502E+01  2.3123E+00
3.429889E+01  2.0559E+00
3.666551E+01  1.8295E+00
3.919543E+01  1.6292E+00
4.189992E+01  1.4520E+00
4.479101E+01  1.2929E+00
4.788159E+01  1.1512E+00
5.118542E+01  1.0236E+00
5.471721E+01  9.0721E-01
5.849270E+01  8.0445E-01
6.252870E+01  7.1341E-01
6.606807E+01  6.4647E-01
6.684318E+01  6.3316E-01
6.707932E+01  6.2919E-01
6.734898E+01  6.2470E-01
6.775348E+01  3.2286E+00
6.876473E+01  3.1573E+00
7.145536E+01  2.9775E+00
7.638578E+01  2.6741E+00
8.165640E+01  2.3979E+00
8.729069E+01  2.1482E+00
9.331374E+01  1.9189E+00
9.975239E+01  1.7140E+00
1.066353E+02  1.5312E+00
1.139931E+02  1.3680E+00
1.218587E+02  1.2224E+00
1.302669E+02  1.0924E+00
1.392553E+02  9.7465E-01
1.488640E+02  8.6801E-01
1.591356E+02  7.7311E-01
1.701159E+02  6.8866E-01
1.818539E+02  6.1349E-01
1.944018E+02  5.4657E-01
2.078156E+02  4.8699E-01
2.221548E+02  4.3395E-01
2.374835E+02  3.8672E-01
2.538699E+02  3.4465E-01
2.713869E+02  3.0719E-01
2.901126E+02  2.7382E-01
3.101304E+02  2.4570E-01
3.315294E+02  2.2066E-01
3.544049E+02  1.9819E-01
3.788588E+02  1.7802E-01
4.050001E+02  1.5992E-01
4.329451E+02  1.4366E-01