5.586000E-03  7.28675E+00
5.671500E-03  6.76355E+00
5.694300E-03  6.16326E+00
5.728500E-03  6.76103E+00
5.814000E-03  7.26809E+00
1.069000E-02  7.69658E+00
1.142761E-02  7.80670E+00
1.221612E-02  7.98392E+00
1.305903E-02  8.23109E+00
1.396010E-02  8.54464E+00
1.492335E-02  8.91402E+00
1.595306E-02  9.32207E+00
1.705382E-02  9.74633E+00
1.823053E-02  1.01860E+01
1.948844E-02  1.05634E+01
2.083314E-02  1.08749E+01
2.227063E-02  1.10871E+01
2.380730E-02  1.11318E+01
2.450000E-02  1.10153E+01
2.487500E-02  1.07494E+01
2.497500E-02  1.04085E+01
2.512500E-02  1.07805E+01
2.545001E-02  1.10837E+01
2.550000E-02  1.11091E+01
2.720606E-02  1.13983E+01
2.908327E-02  1.12851E+01
3.109002E-02  1.08955E+01
3.323523E-02  1.01007E+01
3.552846E-02  7.89513E+00
3.567200E-02  7.57475E+00
3.621800E-02  5.03659E+00
3.636360E-02  1.99183E+00
3.658200E-02  5.19860E+00
3.712800E-02  7.98196E+00
3.797993E-02  9.52533E+00
4.060054E-02  1.11476E+01
4.340198E-02  1.11433E+01
4.400200E-02  1.08095E+01
4.467550E-02  9.67052E+00
4.485510E-02  8.21964E+00
4.512450E-02  9.77292E+00
4.579800E-02  1.11684E+01
4.639671E-02  1.17160E+01
4.959809E-02  1.29598E+01
5.302035E-02  1.34527E+01
5.667876E-02  1.35799E+01
6.058959E-02  1.34579E+01
6.477028E-02  1.31680E+01
6.923942E-02  1.27668E+01
6.967800E-02  1.27230E+01
7.074450E-02  1.26034E+01
7.102890E-02  1.25498E+01
7.145550E-02  1.25391E+01
7.252200E-02  1.24678E+01
7.401695E-02  1.23489E+01
7.912411E-02  1.21364E+01
8.458368E-02  1.17681E+01
9.041995E-02  1.14742E+01
9.665893E-02  1.12899E+01
1.0000000E-01  1.28748E+01
1.0050000E-01  1.28726E+01
1.0100250E-01  1.28714E+01
1.0150751E-01  1.28712E+01
1.0201505E-01  1.28719E+01
1.0252513E-01  1.28735E+01
1.0303775E-01  1.28761E+01
1.0355294E-01  1.28797E+01
1.0407070E-01  1.28842E+01
1.0459106E-01  1.28896E+01
1.0511401E-01  1.28960E+01
1.0563958E-01  1.29034E+01
1.0616778E-01  1.29116E+01
1.0669862E-01  1.29209E+01
1.0723211E-01  1.29310E+01
1.0776827E-01  1.29422E+01
1.0830712E-01  1.29542E+01
1.0884865E-01  1.29673E+01
1.0939289E-01  1.29802E+01
1.0993986E-01  1.29951E+01
1.1048956E-01  1.30110E+01
1.1104201E-01  1.30279E+01
1.1159722E-01  1.30457E+01
1.1215520E-01  1.30645E+01
1.1271598E-01  1.30842E+01
1.1327956E-01  1.31049E+01
1.1384596E-01  1.31265E+01
1.1441519E-01  1.31490E+01
1.1498726E-01  1.31725E+01
1.1556220E-01  1.31969E+01
1.1614001E-01  1.32223E+01
1.1672071E-01  1.32486E+01
1.1730431E-01  1.32758E+01
1.1789083E-01  1.33039E+01
1.1848029E-01  1.33330E+01
1.1907269E-01  1.33630E+01
1.1966805E-01  1.33939E+01
1.2026639E-01  1.34257E+01
1.2086772E-01  1.34584E+01
1.2147206E-01  1.34920E+01
1.2207942E-01  1.35265E+01
1.2268982E-01  1.35620E+01
1.2330327E-01  1.35983E+01
1.2391979E-01  1.36354E+01
1.2453939E-01  1.36735E+01
1.2516208E-01  1.37124E+01
1.2578789E-01  1.37522E+01
1.2641683E-01  1.37929E+01
1.2704892E-01  1.38344E+01
1.2768416E-01  1.38768E+01
1.2832258E-01  1.39200E+01
1.2896419E-01  1.39640E+01
1.2960902E-01  1.40089E+01
1.3025706E-01  1.40546E+01
1.3090835E-01  1.41012E+01
1.3156289E-01  1.41485E+01
1.3222070E-01  1.41967E+01
1.3288181E-01  1.42456E+01
1.3354621E-01  1.42954E+01
1.3421395E-01  1.43459E+01
1.3488502E-01  1.43974E+01
1.3555944E-01  1.44494E+01
1.3623724E-01  1.45023E+01
1.3691842E-01  1.45559E+01
1.3760302E-01  1.46102E+01
1.3829103E-01  1.46653E+01
1.3898249E-01  1.47211E+01
1.3967740E-01  1.47776E+01
1.4037579E-01  1.48348E+01
1.4107766E-01  1.48928E+01
1.4178305E-01  1.49514E+01
1.4249197E-01  1.50108E+01
1.4320443E-01  1.50708E+01
1.4392045E-01  1.51314E+01
1.4464005E-01  1.51928E+01
1.4536325E-01  1.52548E+01
1.4609007E-01  1.53174E+01
1.4682052E-01  1.53807E+01
1.4755462E-01  1.54445E+01
1.4829239E-01  1.55090E+01
1.4903386E-01  1.55741E+01
1.4977903E-01  1.56398E+01
1.5052792E-01  1.57061E+01
1.5128056E-01  1.57729E+01
1.5203696E-01  1.58404E+01
1.5279715E-01  1.59083E+01
1.5356113E-01  1.59768E+01
1.5432894E-01  1.60459E+01
1.5510058E-01  1.61154E+01
1.5587609E-01  1.61855E+01
1.5665547E-01  1.62561E+01
1.5743875E-01  1.63272E+01
1.5822594E-01  1.63987E+01
1.5901707E-01  1.64707E+01
1.5981215E-01  1.65432E+01
1.6061121E-01  1.66161E+01
1.6141427E-01  1.66895E+01
1.6222134E-01  1.67632E+01
1.6303245E-01  1.68374E+01
1.6384761E-01  1.69120E+01
1.6466685E-01  1.69870E+01
1.6549018E-01  1.70623E+01
1.6631763E-01  1.71380E+01
1.6714922E-01  1.72141E+01
1.6798497E-01  1.72905E+01
1.6882489E-01  1.73672E+01
1.6966902E-01  1.74443E+01
1.7051736E-01  1.75216E+01
1.7136995E-01  1.75992E+01
1.7222680E-01  1.76771E+01
1.7308793E-01  1.77552E+01
1.7395337E-01  1.78336E+01
1.7482314E-01  1.79123E+01
1.7569726E-01  1.79911E+01
1.7657574E-01  1.80701E+01
1.7745862E-01  1.81494E+01
1.7834591E-01  1.82288E+01
1.7923764E-01  1.83083E+01
1.8013383E-01  1.83880E+01
1.8103450E-01  1.84678E+01
1.8193967E-01  1.85477E+01
1.8284937E-01  1.86277E+01
1.8376362E-01  1.87078E+01
1.8468244E-01  1.87879E+01
1.8560585E-01  1.88680E+01
1.8653388E-01  1.89482E+01
1.8746655E-01  1.90283E+01
1.8840388E-01  1.91084E+01
1.8934590E-01  1.91884E+01
1.9029263E-01  1.92683E+01
1.9124409E-01  1.93481E+01
1.9220031E-01  1.94278E+01
1.9316131E-01  1.95073E+01
1.9412712E-01  1.95866E+01
1.9509776E-01  1.96657E+01
1.9607325E-01  1.97444E+01
1.9705361E-01  1.98229E+01
1.9803888E-01  1.99010E+01
1.9902907E-01  1.99787E+01
2.0002422E-01  2.00559E+01
2.0102434E-01  2.01327E+01
2.0202946E-01  2.02088E+01
2.0303961E-01  2.02844E+01
2.0405481E-01  2.03592E+01
2.0507508E-01  2.04332E+01
2.0610046E-01  2.05063E+01
2.0713096E-01  2.05785E+01
2.0816661E-01  2.06495E+01
2.0920745E-01  2.07192E+01
2.1025348E-01  2.07876E+01
2.1130475E-01  2.08543E+01
2.1236128E-01  2.09192E+01
2.1342308E-01  2.09841E+01
2.1449020E-01  2.10445E+01
2.1556265E-01  2.11022E+01
2.1664046E-01  2.11565E+01
2.1772366E-01  2.12070E+01
2.1881228E-01  2.12528E+01
2.1990634E-01  2.12929E+01
2.2100588E-01  2.13258E+01
2.2211090E-01  2.13495E+01
2.2322146E-01  2.13608E+01
2.2433757E-01  2.13548E+01
2.2545925E-01  2.13227E+01
2.2658655E-01  2.12460E+01
2.2771948E-01  2.10755E+01
2.2885808E-01  2.05488E+01
2.2912551E-01  2.01182E+01
2.2947450E-01  2.01515E+01
2.3000237E-01  2.08776E+01
2.3115238E-01  2.14396E+01
2.3230814E-01  2.17556E+01
2.3346969E-01  2.19858E+01
2.3463703E-01  2.21673E+01
2.3581022E-01  2.23129E+01
2.3698927E-01  2.24251E+01
2.3817422E-01  2.24973E+01
2.3936509E-01  2.25048E+01
2.4056191E-01  2.23329E+01
2.4111348E-01  2.19165E+01
2.4148653E-01  2.19736E+01
2.4176472E-01  2.23450E+01
2.4297355E-01  2.29759E+01
2.4418841E-01  2.33313E+01
2.4540936E-01  2.36106E+01
2.4663640E-01  2.38518E+01
2.4786959E-01  2.40694E+01
2.4910893E-01  2.42706E+01
2.5035448E-01  2.44594E+01
2.5160625E-01  2.46386E+01
2.5286428E-01  2.48097E+01
2.5412860E-01  2.49737E+01
2.5539925E-01  2.51317E+01
2.5667624E-01  2.52844E+01
2.5795962E-01  2.54326E+01
2.5924942E-01  2.55769E+01
2.6054567E-01  2.57176E+01
2.6184840E-01  2.58552E+01
2.6315764E-01  2.59882E+01
2.6447343E-01  2.61181E+01
2.6579579E-01  2.62449E+01
2.6712477E-01  2.63690E+01
2.6846040E-01  2.64904E+01
2.6980270E-01  2.66096E+01
2.7115171E-01  2.67268E+01
2.7250747E-01  2.68421E+01
2.7387001E-01  2.69557E+01
2.7523936E-01  2.70677E+01
2.7661556E-01  2.71783E+01
2.7799863E-01  2.72875E+01
2.7938863E-01  2.73954E+01
2.8078557E-01  2.75021E+01
2.8218950E-01  2.76077E+01
2.8360044E-01  2.77122E+01
2.8501845E-01  2.78157E+01
2.8644354E-01  2.79182E+01
2.8787576E-01  2.80198E+01
2.8931514E-01  2.81205E+01
2.9076171E-01  2.82203E+01
2.9221552E-01  2.83193E+01
2.9367660E-01  2.84174E+01
2.9514498E-01  2.85149E+01
2.9662071E-01  2.86115E+01
2.9810381E-01  2.87074E+01
2.9959433E-01  2.88026E+01
3.0109230E-01  2.88971E+01
3.0259776E-01  2.89909E+01
3.0411075E-01  2.90841E+01
3.0563130E-01  2.91766E+01
3.0715946E-01  2.92684E+01
3.0869526E-01  2.93596E+01
3.1023873E-01  2.94502E+01
3.1178993E-01  2.95401E+01
3.1334888E-01  2.96295E+01
3.1491562E-01  2.97182E+01
3.1649020E-01  2.98063E+01
3.1807265E-01  2.98938E+01
3.1966301E-01  2.99807E+01
3.2126133E-01  3.00670E+01
3.2286764E-01  3.01527E+01
3.2448197E-01  3.02378E+01
3.2610438E-01  3.03224E+01
3.2773491E-01  3.04063E+01
3.2937358E-01  3.04896E+01
3.3102045E-01  3.05722E+01
3.3267555E-01  3.06543E+01
3.3433893E-01  3.07358E+01
3.3601062E-01  3.08166E+01
3.3769068E-01  3.08968E+01
3.3937913E-01  3.09763E+01
3.4107602E-01  3.10552E+01
3.4278140E-01  3.11333E+01
3.4449531E-01  3.12108E+01
3.4621779E-01  3.12876E+01
3.4794888E-01  3.13637E+01
3.4968862E-01  3.14390E+01
3.5143706E-01  3.15135E+01
3.5319425E-01  3.15871E+01
3.5496022E-01  3.16600E+01
3.5673502E-01  3.17319E+01
3.5851870E-01  3.18029E+01
3.6031129E-01  3.18729E+01
3.6211285E-01  3.19419E+01
3.6392341E-01  3.20097E+01
3.6574303E-01  3.20764E+01
3.6757174E-01  3.21417E+01
3.6940960E-01  3.22056E+01
3.7125665E-01  3.22680E+01
3.7311293E-01  3.23287E+01
3.7497850E-01  3.23875E+01
3.7685339E-01  3.24442E+01
3.7873766E-01  3.24985E+01
3.8063135E-01  3.25500E+01
3.8253450E-01  3.25984E+01
3.8444718E-01  3.26431E+01
3.8636941E-01  3.26833E+01
3.8830126E-01  3.27181E+01
3.9024276E-01  3.27460E+01
3.9219398E-01  3.27651E+01
3.9415495E-01  3.27724E+01
3.9612572E-01  3.27627E+01
3.9810635E-01  3.27270E+01
4.0009688E-01  3.26455E+01
4.0209737E-01  3.24609E+01
4.0397820E-01  3.18647E+01
4.0410785E-01  3.17442E+01
4.0502181E-01  3.19057E+01
4.0612839E-01  3.24501E+01
4.0815904E-01  3.28876E+01
4.1019983E-01  3.31646E+01
4.1225083E-01  3.33823E+01
4.1431208E-01  3.35687E+01
4.1638364E-01  3.37359E+01
4.1846556E-01  3.38900E+01
4.2055789E-01  3.40346E+01
4.2266068E-01  3.41720E+01
4.2477398E-01  3.43037E+01
4.2689785E-01  3.44309E+01
4.2903234E-01  3.45542E+01
4.3117750E-01  3.46744E+01
4.3333339E-01  3.47917E+01
4.3550006E-01  3.49065E+01
4.3767756E-01  3.50190E+01
4.3986595E-01  3.51294E+01
4.4206528E-01  3.52378E+01
4.4427560E-01  3.53441E+01
4.4649698E-01  3.54482E+01
4.4872947E-01  3.55500E+01
4.5097311E-01  3.56489E+01
4.5322798E-01  3.57443E+01
4.5549412E-01  3.58349E+01
4.5777159E-01  3.59182E+01
4.6006045E-01  3.59887E+01
4.6236075E-01  3.60289E+01
4.6412139E-01  3.59738E+01
4.6467255E-01  3.58159E+01
4.6547861E-01  3.60396E+01
4.6699592E-01  3.62432E+01
4.6933090E-01  3.64370E+01
4.7167755E-01  3.65981E+01
4.7403594E-01  3.67442E+01
4.7640612E-01  3.68813E+01
4.7878815E-01  3.70123E+01
4.8118209E-01  3.71385E+01
4.8358800E-01  3.72609E+01
4.8600594E-01  3.73800E+01
4.8843597E-01  3.74963E+01
4.9087815E-01  3.76100E+01
4.9333254E-01  3.77214E+01
4.9579920E-01  3.78307E+01
4.9827820E-01  3.79379E+01
5.0076959E-01  3.80432E+01
5.0327344E-01  3.81467E+01
5.0578980E-01  3.82484E+01
5.0831875E-01  3.83484E+01
5.1086035E-01  3.84467E+01
5.1341465E-01  3.85433E+01
5.1598172E-01  3.86383E+01
5.1856163E-01  3.87317E+01
5.2115444E-01  3.88234E+01
5.2376021E-01  3.89134E+01
5.2637901E-01  3.90017E+01
5.2901091E-01  3.90882E+01
5.3165596E-01  3.91728E+01
5.3431424E-01  3.92553E+01
5.3698581E-01  3.93356E+01
5.3967074E-01  3.94135E+01
5.4236910E-01  3.94885E+01
5.4508094E-01  3.95603E+01
5.4780635E-01  3.96281E+01
5.5054538E-01  3.96910E+01
5.5329810E-01  3.97470E+01
5.5606460E-01  3.97932E+01
5.5884492E-01  3.98231E+01
5.6163914E-01  3.98191E+01
5.6444734E-01  3.96866E+01
5.6457826E-01  3.96682E+01
5.6642179E-01  3.97246E+01
5.6726958E-01  3.98605E+01
5.7010592E-01  4.01080E+01
5.7295645E-01  4.02747E+01
5.7582123E-01  4.04145E+01
5.7870034E-01  4.05403E+01
5.8159384E-01  4.06575E+01
5.8450181E-01  4.07687E+01
5.8742432E-01  4.08755E+01
5.9036144E-01  4.09788E+01
5.9331325E-01  4.10792E+01
5.9627982E-01  4.11773E+01
5.9926122E-01  4.12734E+01
6.0225752E-01  4.13676E+01
6.0526881E-01  4.14602E+01
6.0829515E-01  4.15515E+01
6.1133663E-01  4.16414E+01
6.1439331E-01  4.17300E+01
6.1746528E-01  4.18176E+01
6.2055260E-01  4.19041E+01
6.2365537E-01  4.19897E+01
6.2677364E-01  4.20743E+01
6.2990751E-01  4.21580E+01
6.3305705E-01  4.22409E+01
6.3622234E-01  4.23229E+01
6.3940345E-01  4.24041E+01
6.4260046E-01  4.24846E+01
6.4581347E-01  4.25643E+01
6.4904253E-01  4.26433E+01
6.5228775E-01  4.27216E+01
6.5554919E-01  4.27991E+01
6.5882693E-01  4.28760E+01
6.6212107E-01  4.29523E+01
6.6543167E-01  4.30278E+01
6.6875883E-01  4.31027E+01
6.7210262E-01  4.31770E+01
6.7546314E-01  4.32507E+01
6.7884045E-01  4.33237E+01
6.8223466E-01  4.33961E+01
6.8564583E-01  4.34679E+01
6.8907406E-01  4.35370E+01
6.9251943E-01  4.36076E+01
6.9598202E-01  4.36776E+01
6.9946194E-01  4.37471E+01
7.0295924E-01  4.38159E+01
7.0647404E-01  4.38842E+01
7.1000641E-01  4.39519E+01
7.1355644E-01  4.40190E+01
7.1712423E-01  4.40855E+01
7.2070985E-01  4.41515E+01
7.2431340E-01  4.42237E+01
7.2793496E-01  4.42886E+01
7.3157464E-01  4.43529E+01
7.3523251E-01  4.44167E+01
7.3890867E-01  4.44799E+01
7.4260322E-01  4.45426E+01
7.4631623E-01  4.46047E+01
7.5004781E-01  4.46662E+01
7.5379805E-01  4.47272E+01
7.5756704E-01  4.47876E+01
7.6135488E-01  4.48475E+01
7.6516165E-01  4.49069E+01
7.6898746E-01  4.49657E+01
7.7283240E-01  4.50239E+01
7.7669656E-01  4.50817E+01
7.8058004E-01  4.51389E+01
7.8448294E-01  4.51956E+01
7.8840536E-01  4.52517E+01
7.9234738E-01  4.53072E+01
7.9630912E-01  4.53622E+01
8.0029067E-01  4.54165E+01
8.0429212E-01  4.54703E+01
8.0831358E-01  4.55234E+01
8.1235515E-01  4.55760E+01
8.1641693E-01  4.56280E+01
8.2049901E-01  4.56794E+01
8.2460150E-01  4.57303E+01
8.2872451E-01  4.57806E+01
8.3286813E-01  4.58303E+01
8.3703248E-01  4.58794E+01
8.4121764E-01  4.59280E+01
8.4542373E-01  4.59760E+01
8.4965084E-01  4.60234E+01
8.5389910E-01  4.60702E+01
8.5816859E-01  4.61166E+01
8.6245944E-01  4.61623E+01
8.6677173E-01  4.62075E+01
8.7110559E-01  4.62522E+01
8.7546112E-01  4.62963E+01
8.7983843E-01  4.63398E+01
8.8423762E-01  4.63829E+01
8.8865881E-01  4.64254E+01
8.9310210E-01  4.64674E+01
8.9756761E-01  4.65089E+01
9.0205545E-01  4.65499E+01
9.0656573E-01  4.65903E+01
9.1109856E-01  4.66304E+01
9.1565405E-01  4.66699E+01
9.2023232E-01  4.67090E+01
9.2483348E-01  4.67477E+01
9.2945765E-01  4.67859E+01
9.3410494E-01  4.68237E+01
9.3877546E-01  4.68612E+01
9.4346934E-01  4.68983E+01
9.4818668E-01  4.69350E+01
9.5292762E-01  4.69715E+01
9.5769226E-01  4.70078E+01
9.6248072E-01  4.70438E+01
9.6729312E-01  4.70796E+01
9.7212959E-01  4.71154E+01
9.7699023E-01  4.71512E+01
9.8187519E-01  4.71871E+01
9.8678456E-01  4.72233E+01
9.9171848E-01  4.72599E+01
9.9667708E-01  4.72974E+01
1.0016605E+00  4.73377E+01
1.0066688E+00  4.73679E+01
1.0117021E+00  4.73922E+01
1.0167606E+00  4.74135E+01
1.0218444E+00  4.74322E+01
1.0269536E+00  4.74487E+01
1.0320884E+00  4.74631E+01
1.0372489E+00  4.74754E+01
1.0424351E+00  4.74857E+01
1.0476473E+00  4.74940E+01
1.0528855E+00  4.75005E+01
1.0581499E+00  4.75051E+01
1.0634407E+00  4.75079E+01
1.0687579E+00  4.75088E+01
1.0741017E+00  4.75080E+01
1.0794722E+00  4.75055E+01
1.0848695E+00  4.75012E+01
1.0902939E+00  4.74952E+01
1.0957454E+00  4.74875E+01
1.1012241E+00  4.74781E+01
1.1067302E+00  4.74670E+01
1.1122639E+00  4.74543E+01
1.1178252E+00  4.74400E+01
1.1234143E+00  4.74239E+01
1.1290314E+00  4.74063E+01
1.1346765E+00  4.73870E+01
1.1403499E+00  4.73660E+01
1.1460517E+00  4.73434E+01
1.1517819E+00  4.73191E+01
1.1575408E+00  4.72932E+01
1.1633285E+00  4.72657E+01
1.1691452E+00  4.72364E+01
1.1749909E+00  4.72055E+01
1.1808659E+00  4.71729E+01
1.1867702E+00  4.71386E+01
1.1927040E+00  4.71026E+01
1.1986676E+00  4.70648E+01
1.2046609E+00  4.70253E+01
1.2106842E+00  4.69840E+01
1.2167376E+00  4.69387E+01
1.2228213E+00  4.68938E+01
1.2289354E+00  4.68471E+01
1.2350801E+00  4.67984E+01
1.2412555E+00  4.67478E+01
1.2474618E+00  4.66953E+01
1.2536991E+00  4.66408E+01
1.2599676E+00  4.65842E+01
1.2662674E+00  4.65256E+01
1.2725988E+00  4.64648E+01
1.2789618E+00  4.64019E+01
1.2853566E+00  4.63368E+01
1.2917833E+00  4.62693E+01
1.2982423E+00  4.61996E+01
1.3047335E+00  4.61274E+01
1.3112571E+00  4.60527E+01
1.3178134E+00  4.59756E+01
1.3244025E+00  4.58958E+01
1.3310245E+00  4.58132E+01
1.3376796E+00  4.57280E+01
1.3443680E+00  4.56398E+01
1.3510899E+00  4.55486E+01
1.3578453E+00  4.54544E+01
1.3646345E+00  4.53569E+01
1.3714577E+00  4.52561E+01
1.3783150E+00  4.51519E+01
1.3852066E+00  4.50441E+01
1.3921326E+00  4.49325E+01
1.3990933E+00  4.48183E+01
1.4060887E+00  4.46988E+01
1.4131192E+00  4.45751E+01
1.4201848E+00  4.44469E+01
1.4272857E+00  4.43141E+01
1.4344221E+00  4.41763E+01
1.4415942E+00  4.40335E+01
1.4488022E+00  4.38852E+01
1.4560462E+00  4.37312E+01
1.4633265E+00  4.35713E+01
1.4706431E+00  4.34049E+01
1.4779963E+00  4.32318E+01
1.4853863E+00  4.30516E+01
1.4928132E+00  4.28638E+01
1.5002773E+00  4.26679E+01
1.5077787E+00  4.24634E+01
1.5153176E+00  4.22496E+01
1.5228942E+00  4.20259E+01
1.5305086E+00  4.17915E+01
1.5381612E+00  4.15455E+01
1.5458520E+00  4.12872E+01
1.5535812E+00  4.10153E+01
1.5613491E+00  4.07286E+01
1.5691559E+00  4.04259E+01
1.5770017E+00  4.01054E+01
1.5848867E+00  3.97655E+01
1.5928111E+00  3.94038E+01
1.6007752E+00  3.90180E+01
1.6087790E+00  3.86051E+01
1.6168229E+00  3.81615E+01
1.6249070E+00  3.76829E+01
1.6330316E+00  3.71639E+01
1.6411967E+00  3.65981E+01
1.6494027E+00  3.59770E+01
1.6576497E+00  3.52899E+01
1.6659380E+00  3.45223E+01
1.6742677E+00  3.36544E+01
1.6826390E+00  3.26576E+01
1.6910522E+00  3.14889E+01
1.6995075E+00  3.00801E+01
1.7080050E+00  2.82994E+01
1.7165450E+00  2.58762E+01
1.7251278E+00  2.20117E+01
1.7337534E+00  1.00711E+01
1.7347877E+00  1.51614E+00
1.7354123E+00  1.19537E+00
1.7424222E+00  1.93420E+01
1.7511343E+00  2.34233E+01
1.7598899E+00  2.52767E+01
1.7686894E+00  2.60669E+01
1.7775328E+00  2.59037E+01
1.7864205E+00  2.39938E+01
1.7926172E+00  1.53905E+01
1.7937828E+00  1.53399E+01
1.7953526E+00  2.05553E+01
1.8043294E+00  2.78700E+01
1.8133510E+00  3.10235E+01
1.8224178E+00  3.32274E+01
1.8315299E+00  3.49701E+01
1.8406875E+00  3.64297E+01
1.8498909E+00  3.76932E+01
1.8591404E+00  3.88107E+01
1.8684361E+00  3.98139E+01
1.8777783E+00  4.07245E+01
1.8871672E+00  4.15580E+01
1.8966030E+00  4.23260E+01
1.9060860E+00  4.30373E+01
1.9156165E+00  4.36990E+01
1.9251945E+00  4.43166E+01
1.9348205E+00  4.48947E+01
1.9444946E+00  4.54369E+01
1.9542171E+00  4.59464E+01
1.9639882E+00  4.64258E+01
1.9738081E+00  4.68771E+01
1.9836772E+00  4.73022E+01
1.9935955E+00  4.77026E+01
2.0035635E+00  4.80794E+01
2.0135813E+00  4.84337E+01
2.0236492E+00  4.87662E+01
2.0337675E+00  4.90774E+01
2.0439363E+00  4.93674E+01
2.0541560E+00  4.96364E+01
2.0644268E+00  4.98840E+01
2.0747489E+00  5.01095E+01
2.0851227E+00  5.03117E+01
2.0955483E+00  5.04889E+01
2.1060260E+00  5.06384E+01
2.1165562E+00  5.07562E+01
2.1271389E+00  5.08362E+01
2.1377746E+00  5.08686E+01
2.1484635E+00  5.08373E+01
2.1592058E+00  5.07121E+01
2.1700018E+00  5.04274E+01
2.1808519E+00  4.97924E+01
2.1917561E+00  4.73967E+01
2.1963695E+00  4.75241E+01
2.2027149E+00  4.96584E+01
2.2137285E+00  5.11518E+01
2.2247971E+00  5.20640E+01
2.2359211E+00  5.27545E+01
2.2471007E+00  5.33238E+01
2.2583362E+00  5.38141E+01
2.2696279E+00  5.42458E+01
2.2809760E+00  5.46310E+01
2.2923809E+00  5.49771E+01
2.3038428E+00  5.52874E+01
2.3153620E+00  5.55725E+01
2.3269388E+00  5.58396E+01
2.3385735E+00  5.60885E+01
2.3502664E+00  5.63185E+01
2.3620177E+00  5.65300E+01
2.3738278E+00  5.67226E+01
2.3856970E+00  5.68952E+01
2.3976254E+00  5.70457E+01
2.4096136E+00  5.71701E+01
2.4216616E+00  5.72608E+01
2.4337699E+00  5.73030E+01
2.4459388E+00  5.72607E+01
2.4581685E+00  5.70077E+01
2.4657375E+00  5.63718E+01
2.4704593E+00  5.61112E+01
2.4716624E+00  5.64484E+01
2.4828116E+00  5.75794E+01
2.4952257E+00  5.81520E+01
2.5077018E+00  5.85644E+01
2.5202403E+00  5.89024E+01
2.5328415E+00  5.91946E+01
2.5455057E+00  5.94544E+01
2.5582333E+00  5.96887E+01
2.5710244E+00  5.99011E+01
2.5838796E+00  6.00933E+01
2.5967990E+00  6.02657E+01
2.6097829E+00  6.04255E+01
2.6228319E+00  6.05724E+01
2.6359460E+00  6.07044E+01
2.6491257E+00  6.08183E+01
2.6623714E+00  6.09079E+01
2.6756832E+00  6.09602E+01
2.6890617E+00  6.09393E+01
2.7025070E+00  6.06585E+01
2.7027735E+00  6.06437E+01
2.7132264E+00  6.07657E+01
2.7160195E+00  6.09564E+01
2.7295996E+00  6.14815E+01
2.7432476E+00  6.18198E+01
2.7569638E+00  6.20959E+01
2.7707486E+00  6.23394E+01
2.7846024E+00  6.25624E+01
2.7985254E+00  6.27708E+01
2.8125180E+00  6.29684E+01
2.8265806E+00  6.31572E+01
2.8407135E+00  6.33389E+01
2.8549171E+00  6.35148E+01
2.8691917E+00  6.36858E+01
2.8835376E+00  6.38525E+01
2.8979553E+00  6.40155E+01
2.9124451E+00  6.41756E+01
2.9270073E+00  6.43333E+01
2.9416424E+00  6.44893E+01
2.9563506E+00  6.46444E+01
2.9711323E+00  6.47995E+01
2.9859880E+00  6.49561E+01
3.0009179E+00  6.51254E+01
3.0159225E+00  6.52708E+01
3.0310021E+00  6.54014E+01
3.0461571E+00  6.55258E+01
3.0613879E+00  6.56455E+01
3.0766949E+00  6.57613E+01
3.0920783E+00  6.58737E+01
3.1075387E+00  6.59828E+01
3.1230764E+00  6.60889E+01
3.1386918E+00  6.61921E+01
3.1543853E+00  6.62928E+01
3.1701572E+00  6.63909E+01
3.1860080E+00  6.64866E+01
3.2019380E+00  6.65802E+01
3.2179477E+00  6.66716E+01
3.2340374E+00  6.67605E+01
3.2502076E+00  6.68471E+01
3.2664587E+00  6.69315E+01
3.2827910E+00  6.70138E+01
3.2992049E+00  6.70941E+01
3.3157009E+00  6.71725E+01
3.3322794E+00  6.72491E+01
3.3489408E+00  6.73240E+01
3.3656856E+00  6.73972E+01
3.3825140E+00  6.74688E+01
3.3994265E+00  6.75389E+01
3.4164237E+00  6.76075E+01
3.4335058E+00  6.76748E+01
3.4506733E+00  6.77408E+01
3.4679267E+00  6.78056E+01
3.4852663E+00  6.80766E+01
3.5026927E+00  6.81386E+01
3.5202061E+00  6.81987E+01
3.5378072E+00  6.82569E+01
3.5554962E+00  6.83133E+01
3.5732737E+00  6.83681E+01
3.5911400E+00  6.85614E+01
3.6090957E+00  6.86131E+01
3.6271412E+00  6.86628E+01
3.6452769E+00  6.87107E+01
3.6635033E+00  6.87567E+01
3.6818208E+00  6.88009E+01
3.7002299E+00  6.88436E+01
3.7187311E+00  6.88847E+01
3.7373247E+00  6.89244E+01
3.7560114E+00  6.89626E+01
3.7747914E+00  6.89994E+01
3.7936654E+00  6.90350E+01
3.8126337E+00  6.90693E+01
3.8316969E+00  6.91024E+01
3.8508554E+00  6.91343E+01
3.8701096E+00  6.91651E+01
3.8894602E+00  6.91948E+01
3.9089075E+00  6.92235E+01
3.9284520E+00  6.92511E+01
3.9480943E+00  6.92778E+01
3.9678347E+00  6.93036E+01
3.9876739E+00  6.93284E+01
4.055024E+00  6.97903E+01
4.334821E+00  6.99592E+01
4.633924E+00  7.01464E+01
4.953664E+00  7.01733E+01
5.295467E+00  7.00792E+01
5.660855E+00  6.99372E+01
6.051453E+00  6.97167E+01
6.469004E+00  6.94432E+01
6.915365E+00  6.91140E+01
7.392525E+00  6.87163E+01
7.902609E+00  6.82155E+01
8.447890E+00  6.75254E+01
9.030794E+00  6.64617E+01
9.653919E+00  6.37140E+01
9.683478E+00  6.34252E+01
9.831694E+00  6.05401E+01
9.871219E+00  5.71434E+01
9.930505E+00  6.05654E+01
1.007872E+01  6.35612E+01
1.032004E+01  6.50977E+01
1.091338E+01  6.54822E+01
1.103212E+01  6.48825E+01
1.108042E+01  6.43050E+01
1.112496E+01  6.27014E+01
1.119178E+01  6.44029E+01
1.135882E+01  6.59310E+01
1.144787E+01  6.62523E+01
1.162309E+01  6.62303E+01
1.166982E+01  6.55306E+01
1.173991E+01  6.65825E+01
1.179334E+01  6.70814E+01
1.191513E+01  6.77871E+01
1.260708E+01  6.97701E+01
1.347697E+01  7.10512E+01
1.440688E+01  7.18606E+01
1.540095E+01  7.24049E+01
1.646362E+01  7.27659E+01
1.759961E+01  7.30023E+01
1.881398E+01  7.31523E+01
2.011215E+01  7.33039E+01
2.149988E+01  7.33452E+01
2.298338E+01  7.33888E+01
2.456923E+01  7.34025E+01
2.626450E+01  7.33713E+01
2.807676E+01  7.33311E+01
3.001405E+01  7.32561E+01
3.208502E+01  7.31674E+01
3.429889E+01  7.30703E+01
3.666551E+01  7.29671E+01
3.919543E+01  7.28589E+01
4.189992E+01  7.27455E+01
4.479101E+01  7.26247E+01
4.788159E+01  7.24914E+01
5.118542E+01  7.23388E+01
5.471721E+01  7.21497E+01
5.849270E+01  7.18904E+01
6.252870E+01  7.14546E+01
6.606807E+01  7.04835E+01
6.684318E+01  6.98055E+01
6.707932E+01  6.93757E+01
6.734898E+01  6.80495E+01
6.775348E+01  6.93893E+01
6.876473E+01  7.05993E+01
7.145536E+01  7.15926E+01
7.638578E+01  7.23062E+01
8.165640E+01  7.26821E+01
8.729069E+01  7.29153E+01
9.331374E+01  7.30695E+01
9.975239E+01  7.31707E+01
1.066353E+02  7.32373E+01
1.139931E+02  7.32801E+01
1.218587E+02  7.33060E+01
1.302669E+02  7.33200E+01
1.392553E+02  7.33528E+01
1.488640E+02  7.33493E+01
1.591356E+02  7.33401E+01
1.701159E+02  7.33273E+01
1.818539E+02  7.33121E+01
1.944018E+02  7.32954E+01
2.078156E+02  7.32778E+01
2.221548E+02  7.32599E+01
2.374835E+02  7.32420E+01
2.538699E+02  7.32244E+01
2.713869E+02  7.32072E+01
2.901126E+02  7.31903E+01
3.101304E+02  7.31743E+01
3.315294E+02  7.31599E+01
3.544049E+02  7.31467E+01
3.788588E+02  7.31345E+01
4.050001E+02  7.31233E+01
4.329451E+02  7.31130E+01